0	0
0.01	0.03
0.02	0.059997
0.03	0.089988
0.04	0.11997
0.05	0.14994
0.06	0.179895
0.07	0.209832
0.08	0.239749
0.09	0.269641
0.1	0.299507
0.11	0.329344
0.12	0.359148
0.13	0.388917
0.14	0.418648
0.15	0.448339
0.16	0.477986
0.17	0.507587
0.18	0.537139
0.19	0.566641
0.2	0.596088
0.21	0.62548
0.22	0.654813
0.23	0.684085
0.24	0.713294
0.25	0.742437
0.26	0.771513
0.27	0.800519
0.28	0.829453
0.29	0.858314
0.3	0.887099
0.31	0.915806
0.32	0.944434
0.33	0.972981
0.34	1.00145
0.35	1.02983
0.36	1.05812
0.37	1.08633
0.38	1.11445
0.39	1.14248
0.4	1.17041
0.41	1.19826
0.42	1.22601
0.43	1.25367
0.44	1.28123
0.45	1.3087
0.46	1.33607
0.47	1.36335
0.48	1.39052
0.49	1.4176
0.5	1.44458
0.51	1.47146
0.52	1.49824
0.53	1.52492
0.54	1.5515
0.55	1.57798
0.56	1.60436
0.57	1.63064
0.58	1.65682
0.59	1.68291
0.6	1.70889
0.61	1.73477
0.62	1.76055
0.63	1.78624
0.64	1.81183
0.65	1.83732
0.66	1.86271
0.67	1.88801
0.68	1.91322
0.69	1.93833
0.7	1.96334
0.71	1.98827
0.72	2.0131
0.73	2.03784
0.74	2.0625
0.75	2.08706
0.76	2.11154
0.77	2.13593
0.78	2.16024
0.79	2.18446
0.8	2.20861
0.81	2.23267
0.82	2.25665
0.83	2.28056
0.84	2.30439
0.85	2.32814
0.86	2.35183
0.87	2.37544
0.88	2.39898
0.89	2.42246
0.9	2.44587
0.91	2.46921
0.92	2.4925
0.93	2.51572
0.94	2.53888
0.95	2.56199
0.96	2.58504
0.97	2.60804
0.98	2.63099
0.99	2.65389
1	2.67674
1.01	2.69955
1.02	2.72232
1.03	2.74504
1.04	2.76773
1.05	2.79038
1.06	2.81299
1.07	2.83558
1.08	2.85813
1.09	2.88066
1.1	2.90315
1.11	2.92563
1.12	2.94808
1.13	2.97052
1.14	2.99294
1.15	3.01534
1.16	3.03773
1.17	3.06011
1.18	3.08248
1.19	3.10485
1.2	3.12721
1.21	3.14957
1.22	3.17193
1.23	3.1943
1.24	3.21667
1.25	3.23905
1.26	3.26143
1.27	3.28383
1.28	3.30625
1.29	3.32868
1.3	3.35112
1.31	3.37359
1.32	3.39609
1.33	3.4186
1.34	3.44115
1.35	3.46372
1.36	3.48633
1.37	3.50897
1.38	3.53164
1.39	3.55436
1.4	3.57711
1.41	3.59991
1.42	3.62275
1.43	3.64563
1.44	3.66857
1.45	3.69155
1.46	3.71459
1.47	3.73768
1.48	3.76083
1.49	3.78403
1.5	3.8073
1.51	3.83063
1.52	3.85402
1.53	3.87748
1.54	3.901
1.55	3.92459
1.56	3.94825
1.57	3.97199
1.58	3.9958
1.59	4.01968
1.6	4.04364
1.61	4.06768
1.62	4.0918
1.63	4.116
1.64	4.14029
1.65	4.16465
1.66	4.18911
1.67	4.21365
1.68	4.23828
1.69	4.26299
1.7	4.2878
1.71	4.3127
1.72	4.33769
1.73	4.36277
1.74	4.38795
1.75	4.41322
1.76	4.43858
1.77	4.46405
1.78	4.48961
1.79	4.51527
1.8	4.54102
1.81	4.56688
1.82	4.59283
1.83	4.61888
1.84	4.64504
1.85	4.67129
1.86	4.69764
1.87	4.72409
1.88	4.75064
1.89	4.7773
1.9	4.80405
1.91	4.8309
1.92	4.85785
1.93	4.8849
1.94	4.91205
1.95	4.93929
1.96	4.96664
1.97	4.99408
1.98	5.02161
1.99	5.04924
2	5.07697
2.01	5.10479
2.02	5.1327
2.03	5.1607
2.04	5.1888
2.05	5.21698
2.06	5.24525
2.07	5.27361
2.08	5.30205
2.09	5.33057
2.1	5.35917
2.11	5.38786
2.12	5.41662
2.13	5.44546
2.14	5.47437
2.15	5.50336
2.16	5.53242
2.17	5.56154
2.18	5.59073
2.19	5.61999
2.2	5.6493
2.21	5.67868
2.22	5.70811
2.23	5.73759
2.24	5.76713
2.25	5.79672
2.26	5.82635
2.27	5.85603
2.28	5.88575
2.29	5.91551
2.3	5.9453
2.31	5.97513
2.32	6.00499
2.33	6.03488
2.34	6.06479
2.35	6.09472
2.36	6.12467
2.37	6.15463
2.38	6.18461
2.39	6.2146
2.4	6.2446
2.41	6.2746
2.42	6.3046
2.43	6.33459
2.44	6.36459
2.45	6.39457
2.46	6.42455
2.47	6.45451
2.48	6.48445
2.49	6.51437
2.5	6.54427
2.51	6.57414
2.52	6.60399
2.53	6.6338
2.54	6.66358
2.55	6.69333
2.56	6.72303
2.57	6.75269
2.58	6.7823
2.59	6.81187
2.6	6.84138
2.61	6.87085
2.62	6.90026
2.63	6.92961
2.64	6.9589
2.65	6.98812
2.66	7.01728
2.67	7.04638
2.68	7.07541
2.69	7.10436
2.7	7.13324
2.71	7.16205
2.72	7.19078
2.73	7.21943
2.74	7.248
2.75	7.27649
2.76	7.30489
2.77	7.33321
2.78	7.36145
2.79	7.38959
2.8	7.41764
2.81	7.44561
2.82	7.47348
2.83	7.50126
2.84	7.52895
2.85	7.55654
2.86	7.58403
2.87	7.61143
2.88	7.63873
2.89	7.66594
2.9	7.69304
2.91	7.72005
2.92	7.74696
2.93	7.77377
2.94	7.80048
2.95	7.82709
2.96	7.8536
2.97	7.88001
2.98	7.90631
2.99	7.93252
3	7.95863
3.01	7.98464
3.02	8.01056
3.03	8.03637
3.04	8.06208
3.05	8.0877
3.06	8.11322
3.07	8.13864
3.08	8.16397
3.09	8.1892
3.1	8.21433
3.11	8.23938
3.12	8.26433
3.13	8.28919
3.14	8.31395
3.15	8.33863
3.16	8.36322
3.17	8.38772
3.18	8.41214
3.19	8.43647
3.2	8.46072
3.21	8.48489
3.22	8.50897
3.23	8.53298
3.24	8.55691
3.25	8.58076
3.26	8.60453
3.27	8.62824
3.28	8.65187
3.29	8.67543
3.3	8.69893
3.31	8.72236
3.32	8.74572
3.33	8.76902
3.34	8.79226
3.35	8.81544
3.36	8.83856
3.37	8.86163
3.38	8.88465
3.39	8.90761
3.4	8.93052
3.41	8.95339
3.42	8.97621
3.43	8.99899
3.44	9.02173
3.45	9.04442
3.46	9.06708
3.47	9.08971
3.48	9.1123
3.49	9.13486
3.5	9.15739
3.51	9.1799
3.52	9.20238
3.53	9.22484
3.54	9.24728
3.55	9.26971
3.56	9.29211
3.57	9.31451
3.58	9.33689
3.59	9.35926
3.6	9.38163
3.61	9.40399
3.62	9.42635
3.63	9.44872
3.64	9.47108
3.65	9.49345
3.66	9.51582
3.67	9.53821
3.68	9.5606
3.69	9.58301
3.7	9.60544
3.71	9.62788
3.72	9.65034
3.73	9.67283
3.74	9.69534
3.75	9.71788
3.76	9.74044
3.77	9.76304
3.78	9.78567
3.79	9.80833
3.8	9.83103
3.81	9.85378
3.82	9.87656
3.83	9.89939
3.84	9.92226
3.85	9.94518
3.86	9.96815
3.87	9.99117
3.88	10.0142
3.89	10.0374
3.9	10.0606
3.91	10.0838
3.92	10.1071
3.93	10.1305
3.94	10.1539
3.95	10.1774
3.96	10.201
3.97	10.2247
3.98	10.2484
3.99	10.2722
4	10.296
4.01	10.32
4.02	10.344
4.03	10.3681
4.04	10.3923
4.05	10.4165
4.06	10.4409
4.07	10.4653
4.08	10.4898
4.09	10.5144
4.1	10.5391
4.11	10.5639
4.12	10.5887
4.13	10.6137
4.14	10.6388
4.15	10.6639
4.16	10.6892
4.17	10.7145
4.18	10.7399
4.19	10.7655
4.2	10.7911
4.21	10.8168
4.22	10.8426
4.23	10.8686
4.24	10.8946
4.25	10.9207
4.26	10.9469
4.27	10.9733
4.28	10.9997
4.29	11.0262
4.3	11.0528
4.31	11.0796
4.32	11.1064
4.33	11.1333
4.34	11.1603
4.35	11.1874
4.36	11.2147
4.37	11.242
4.38	11.2694
4.39	11.2969
4.4	11.3245
4.41	11.3522
4.42	11.38
4.43	11.4079
4.44	11.4359
4.45	11.4639
4.46	11.4921
4.47	11.5203
4.48	11.5487
4.49	11.5771
4.5	11.6056
4.51	11.6342
4.52	11.6628
4.53	11.6916
4.54	11.7204
4.55	11.7493
4.56	11.7782
4.57	11.8073
4.58	11.8364
4.59	11.8656
4.6	11.8948
4.61	11.9241
4.62	11.9534
4.63	11.9829
4.64	12.0123
4.65	12.0419
4.66	12.0714
4.67	12.101
4.68	12.1307
4.69	12.1604
4.7	12.1902
4.71	12.22
4.72	12.2498
4.73	12.2796
4.74	12.3095
4.75	12.3394
4.76	12.3693
4.77	12.3993
4.78	12.4292
4.79	12.4592
4.8	12.4892
4.81	12.5192
4.82	12.5492
4.83	12.5792
4.84	12.6092
4.85	12.6392
4.86	12.6692
4.87	12.6992
4.88	12.7291
4.89	12.7591
4.9	12.789
4.91	12.8189
4.92	12.8488
4.93	12.8786
4.94	12.9085
4.95	12.9382
4.96	12.968
4.97	12.9977
4.98	13.0274
4.99	13.057
5	13.0866
5.01	13.1161
5.02	13.1456
5.03	13.175
5.04	13.2044
5.05	13.2337
5.06	13.2629
5.07	13.2921
5.08	13.3212
5.09	13.3503
5.1	13.3793
5.11	13.4082
5.12	13.437
5.13	13.4657
5.14	13.4944
5.15	13.523
5.16	13.5515
5.17	13.58
5.18	13.6083
5.19	13.6366
5.2	13.6647
5.21	13.6928
5.22	13.7208
5.23	13.7487
5.24	13.7765
5.25	13.8042
5.26	13.8318
5.27	13.8594
5.28	13.8868
5.29	13.9141
5.3	13.9413
5.31	13.9685
5.32	13.9955
5.33	14.0225
5.34	14.0493
5.35	14.076
5.36	14.1027
5.37	14.1292
5.38	14.1556
5.39	14.182
5.4	14.2082
5.41	14.2344
5.42	14.2604
5.43	14.2863
5.44	14.3122
5.45	14.3379
5.46	14.3636
5.47	14.3891
5.48	14.4146
5.49	14.4399
5.5	14.4652
5.51	14.4903
5.52	14.5154
5.53	14.5404
5.54	14.5653
5.55	14.5901
5.56	14.6148
5.57	14.6394
5.58	14.6639
5.59	14.6883
5.6	14.7127
5.61	14.737
5.62	14.7612
5.63	14.7853
5.64	14.8093
5.65	14.8332
5.66	14.8571
5.67	14.8809
5.68	14.9046
5.69	14.9283
5.7	14.9519
5.71	14.9754
5.72	14.9988
5.73	15.0222
5.74	15.0455
5.75	15.0688
5.76	15.092
5.77	15.1151
5.78	15.1382
5.79	15.1612
5.8	15.1842
5.81	15.2072
5.82	15.23
5.83	15.2529
5.84	15.2757
5.85	15.2984
5.86	15.3211
5.87	15.3438
5.88	15.3664
5.89	15.389
5.9	15.4116
5.91	15.4341
5.92	15.4566
5.93	15.4791
5.94	15.5016
5.95	15.524
5.96	15.5465
5.97	15.5689
5.98	15.5913
5.99	15.6137
6	15.636
6.01	15.6584
6.02	15.6808
6.03	15.7031
6.04	15.7255
6.05	15.7479
6.06	15.7702
6.07	15.7926
6.08	15.815
6.09	15.8374
6.1	15.8598
6.11	15.8822
6.12	15.9046
6.13	15.9271
6.14	15.9496
6.15	15.9721
6.16	15.9946
6.17	16.0172
6.18	16.0397
6.19	16.0624
6.2	16.085
6.21	16.1077
6.22	16.1304
6.23	16.1532
6.24	16.176
6.25	16.1989
6.26	16.2218
6.27	16.2448
6.28	16.2678
6.29	16.2908
6.3	16.3139
6.31	16.3371
6.32	16.3603
6.33	16.3836
6.34	16.407
6.35	16.4304
6.36	16.4539
6.37	16.4774
6.38	16.5011
6.39	16.5248
6.4	16.5485
6.41	16.5724
6.42	16.5963
6.43	16.6203
6.44	16.6444
6.45	16.6685
6.46	16.6927
6.47	16.7171
6.48	16.7415
6.49	16.766
6.5	16.7905
6.51	16.8152
6.52	16.84
6.53	16.8648
6.54	16.8897
6.55	16.9148
6.56	16.9399
6.57	16.9651
6.58	16.9904
6.59	17.0158
6.6	17.0413
6.61	17.0669
6.62	17.0926
6.63	17.1184
6.64	17.1443
6.65	17.1703
6.66	17.1964
6.67	17.2226
6.68	17.2489
6.69	17.2753
6.7	17.3018
6.71	17.3284
6.72	17.3551
6.73	17.3819
6.74	17.4088
6.75	17.4358
6.76	17.4629
6.77	17.49
6.78	17.5173
6.79	17.5447
6.8	17.5722
6.81	17.5998
6.82	17.6275
6.83	17.6552
6.84	17.6831
6.85	17.711
6.86	17.7391
6.87	17.7672
6.88	17.7954
6.89	17.8237
6.9	17.8521
6.91	17.8806
6.92	17.9092
6.93	17.9378
6.94	17.9665
6.95	17.9953
6.96	18.0242
6.97	18.0531
6.98	18.0821
6.99	18.1112
7	18.1404
7.01	18.1696
7.02	18.1989
7.03	18.2282
7.04	18.2576
7.05	18.2871
7.06	18.3166
7.07	18.3461
7.08	18.3757
7.09	18.4054
7.1	18.4351
7.11	18.4648
7.12	18.4946
7.13	18.5244
7.14	18.5543
7.15	18.5841
7.16	18.614
7.17	18.6439
7.18	18.6739
7.19	18.7038
7.2	18.7338
7.21	18.7638
7.22	18.7938
7.23	18.8238
7.24	18.8538
7.25	18.8838
7.26	18.9138
7.27	18.9438
7.28	18.9738
7.29	19.0037
7.3	19.0337
7.31	19.0636
7.32	19.0935
7.33	19.1234
7.34	19.1533
7.35	19.1831
7.36	19.2129
7.37	19.2427
7.38	19.2724
7.39	19.3021
7.4	19.3317
7.41	19.3613
7.42	19.3909
7.43	19.4204
7.44	19.4498
7.45	19.4792
7.46	19.5085
7.47	19.5378
7.48	19.567
7.49	19.5961
7.5	19.6252
7.51	19.6542
7.52	19.6831
7.53	19.7119
7.54	19.7407
7.55	19.7694
7.56	19.798
7.57	19.8266
7.58	19.855
7.59	19.8834
7.6	19.9117
7.61	19.9399
7.62	19.968
7.63	19.996
7.64	20.0239
7.65	20.0517
7.66	20.0795
7.67	20.1071
7.68	20.1347
7.69	20.1621
7.7	20.1895
7.71	20.2167
7.72	20.2439
7.73	20.271
7.74	20.2979
7.75	20.3248
7.76	20.3516
7.77	20.3782
7.78	20.4048
7.79	20.4313
7.8	20.4576
7.81	20.4839
7.82	20.5101
7.83	20.5361
7.84	20.5621
7.85	20.588
7.86	20.6137
7.87	20.6394
7.88	20.665
7.89	20.6905
7.9	20.7158
7.91	20.7411
7.92	20.7663
7.93	20.7914
7.94	20.8164
7.95	20.8413
7.96	20.8662
7.97	20.8909
7.98	20.9155
7.99	20.9401
8	20.9645
8.01	20.9889
8.02	21.0132
8.03	21.0374
8.04	21.0616
8.05	21.0856
8.06	21.1096
8.07	21.1335
8.08	21.1573
8.09	21.181
8.1	21.2047
8.11	21.2283
8.12	21.2519
8.13	21.2753
8.14	21.2987
8.15	21.3221
8.16	21.3453
8.17	21.3685
8.18	21.3917
8.19	21.4148
8.2	21.4378
8.21	21.4608
8.22	21.4838
8.23	21.5067
8.24	21.5295
8.25	21.5523
8.26	21.5751
8.27	21.5978
8.28	21.6205
8.29	21.6431
8.3	21.6657
8.31	21.6883
8.32	21.7109
8.33	21.7334
8.34	21.7559
8.35	21.7784
8.36	21.8008
8.37	21.8232
8.38	21.8457
8.39	21.8681
8.4	21.8904
8.41	21.9128
8.42	21.9352
8.43	21.9576
8.44	21.9799
8.45	22.0023
8.46	22.0246
8.47	22.047
8.48	22.0694
8.49	22.0918
8.5	22.1141
8.51	22.1365
8.52	22.159
8.53	22.1814
8.54	22.2038
8.55	22.2263
8.56	22.2488
8.57	22.2713
8.58	22.2939
8.59	22.3165
8.6	22.3391
8.61	22.3617
8.62	22.3844
8.63	22.4071
8.64	22.4299
8.65	22.4527
8.66	22.4755
8.67	22.4984
8.68	22.5214
8.69	22.5444
8.7	22.5674
8.71	22.5905
8.72	22.6137
8.73	22.6369
8.74	22.6601
8.75	22.6835
8.76	22.7069
8.77	22.7303
8.78	22.7539
8.79	22.7775
8.8	22.8012
8.81	22.8249
8.82	22.8487
8.83	22.8726
8.84	22.8966
8.85	22.9206
8.86	22.9448
8.87	22.969
8.88	22.9933
8.89	23.0177
8.9	23.0421
8.91	23.0667
8.92	23.0913
8.93	23.116
8.94	23.1409
8.95	23.1658
8.96	23.1908
8.97	23.2159
8.98	23.2411
8.99	23.2663
9	23.2917
9.01	23.3172
9.02	23.3428
9.03	23.3684
9.04	23.3942
9.05	23.4201
9.06	23.4461
9.07	23.4721
9.08	23.4983
9.09	23.5246
9.1	23.5509
9.11	23.5774
9.12	23.604
9.13	23.6306
9.14	23.6574
9.15	23.6842
9.16	23.7112
9.17	23.7383
9.18	23.7654
9.19	23.7927
9.2	23.8201
9.21	23.8475
9.22	23.8751
9.23	23.9027
9.24	23.9304
9.25	23.9583
9.26	23.9862
9.27	24.0142
9.28	24.0423
9.29	24.0705
9.3	24.0988
9.31	24.1272
9.32	24.1556
9.33	24.1842
9.34	24.2128
9.35	24.2415
9.36	24.2702
9.37	24.2991
9.38	24.328
9.39	24.357
9.4	24.3861
9.41	24.4152
9.42	24.4444
9.43	24.4737
9.44	24.503
9.45	24.5324
9.46	24.5618
9.47	24.5913
9.48	24.6209
9.49	24.6505
9.5	24.6801
9.51	24.7098
9.52	24.7395
9.53	24.7693
9.54	24.7991
9.55	24.8289
9.56	24.8588
9.57	24.8886
9.58	24.9186
9.59	24.9485
9.6	24.9784
9.61	25.0084
9.62	25.0384
9.63	25.0684
9.64	25.0984
9.65	25.1284
9.66	25.1584
9.67	25.1884
9.68	25.2184
9.69	25.2484
9.7	25.2783
9.71	25.3083
9.72	25.3382
9.73	25.3681
9.74	25.398
9.75	25.4279
9.76	25.4578
9.77	25.4876
9.78	25.5173
9.79	25.5471
9.8	25.5768
9.81	25.6064
9.82	25.636
9.83	25.6656
9.84	25.6951
9.85	25.7246
9.86	25.754
9.87	25.7833
9.88	25.8126
9.89	25.8418
9.9	25.8709
9.91	25.9
9.92	25.9291
9.93	25.958
9.94	25.9869
9.95	26.0157
9.96	26.0444
9.97	26.073
9.98	26.1016
9.99	26.1301
10	26.1584
10.01	26.1868
10.02	26.215
10.03	26.2431
10.04	26.2712
10.05	26.2991
10.06	26.327
10.07	26.3547
10.08	26.3824
10.09	26.41
10.1	26.4375
10.11	26.4648
10.12	26.4921
10.13	26.5193
10.14	26.5464
10.15	26.5734
10.16	26.6003
10.17	26.6271
10.18	26.6538
10.19	26.6804
10.2	26.7069
10.21	26.7333
10.22	26.7596
10.23	26.7858
10.24	26.8119
10.25	26.8379
10.26	26.8638
10.27	26.8896
10.28	26.9153
10.29	26.9409
10.3	26.9664
10.31	26.9918
10.32	27.0171
10.33	27.0423
10.34	27.0674
10.35	27.0925
10.36	27.1174
10.37	27.1422
10.38	27.167
10.39	27.1917
10.4	27.2162
10.41	27.2407
10.42	27.2651
10.43	27.2895
10.44	27.3137
10.45	27.3378
10.46	27.3619
10.47	27.3859
10.48	27.4098
10.49	27.4337
10.5	27.4574
10.51	27.4811
10.52	27.5048
10.53	27.5283
10.54	27.5518
10.55	27.5752
10.56	27.5986
10.57	27.6219
10.58	27.6451
10.59	27.6683
10.6	27.6914
10.61	27.7144
10.62	27.7374
10.63	27.7604
10.64	27.7833
10.65	27.8062
10.66	27.829
10.67	27.8518
10.68	27.8745
10.69	27.8972
10.7	27.9198
10.71	27.9425
10.72	27.965
10.73	27.9876
10.74	28.0101
10.75	28.0326
10.76	28.0551
10.77	28.0776
10.78	28.1
10.79	28.1224
10.8	28.1448
10.81	28.1672
10.82	28.1896
10.83	28.212
10.84	28.2343
10.85	28.2567
10.86	28.2791
10.87	28.3014
10.88	28.3238
10.89	28.3462
10.9	28.3685
10.91	28.3909
10.92	28.4133
10.93	28.4357
10.94	28.4582
10.95	28.4806
10.96	28.5031
10.97	28.5256
10.98	28.5481
10.99	28.5706
11	28.5932
11.01	28.6158
11.02	28.6384
11.03	28.6611
11.04	28.6838
11.05	28.7065
11.06	28.7293
11.07	28.7522
11.08	28.775
11.09	28.798
11.1	28.821
11.11	28.844
11.12	28.8671
11.13	28.8902
11.14	28.9134
11.15	28.9367
11.16	28.96
11.17	28.9834
11.18	29.0068
11.19	29.0303
11.2	29.0539
11.21	29.0776
11.22	29.1013
11.23	29.1251
11.24	29.1489
11.25	29.1729
11.26	29.1969
11.27	29.221
11.28	29.2452
11.29	29.2695
11.3	29.2939
11.31	29.3183
11.32	29.3428
11.33	29.3674
11.34	29.3921
11.35	29.4169
11.36	29.4418
11.37	29.4668
11.38	29.4919
11.39	29.517
11.4	29.5423
11.41	29.5676
11.42	29.5931
11.43	29.6186
11.44	29.6443
11.45	29.67
11.46	29.6959
11.47	29.7218
11.48	29.7478
11.49	29.774
11.5	29.8002
11.51	29.8265
11.52	29.853
11.53	29.8795
11.54	29.9062
11.55	29.9329
11.56	29.9597
11.57	29.9867
11.58	30.0137
11.59	30.0408
11.6	30.0681
11.61	30.0954
11.62	30.1228
11.63	30.1503
11.64	30.178
11.65	30.2057
11.66	30.2335
11.67	30.2614
11.68	30.2894
11.69	30.3175
11.7	30.3456
11.71	30.3739
11.72	30.4022
11.73	30.4307
11.74	30.4592
11.75	30.4878
11.76	30.5164
11.77	30.5452
11.78	30.574
11.79	30.6029
11.8	30.6319
11.81	30.6609
11.82	30.69
11.83	30.7192
11.84	30.7485
11.85	30.7778
11.86	30.8071
11.87	30.8366
11.88	30.866
11.89	30.8956
11.9	30.9252
11.91	30.9548
11.92	30.9845
11.93	31.0142
11.94	31.0439
11.95	31.0737
11.96	31.1035
11.97	31.1334
11.98	31.1633
11.99	31.1932
12	31.2231
12.01	31.2531
12.02	31.283
12.03	31.313
12.04	31.343
12.05	31.373
12.06	31.403
12.07	31.433
12.08	31.463
12.09	31.493
12.1	31.523
12.11	31.5529
12.12	31.5829
12.13	31.6128
12.14	31.6428
12.15	31.6727
12.16	31.7025
12.17	31.7324
12.18	31.7622
12.19	31.792
12.2	31.8217
12.21	31.8515
12.22	31.8811
12.23	31.9107
12.24	31.9403
12.25	31.9698
12.26	31.9993
12.27	32.0287
12.28	32.0581
12.29	32.0874
12.3	32.1166
12.31	32.1458
12.32	32.1749
12.33	32.2039
12.34	32.2329
12.35	32.2618
12.36	32.2906
12.37	32.3194
12.38	32.348
12.39	32.3766
12.4	32.4051
12.41	32.4335
12.42	32.4618
12.43	32.4901
12.44	32.5182
12.45	32.5463
12.46	32.5743
12.47	32.6022
12.48	32.63
12.49	32.6577
12.5	32.6853
12.51	32.7128
12.52	32.7402
12.53	32.7675
12.54	32.7947
12.55	32.8219
12.56	32.8489
12.57	32.8758
12.58	32.9026
12.59	32.9293
12.6	32.956
12.61	32.9825
12.62	33.0089
12.63	33.0352
12.64	33.0615
12.65	33.0876
12.66	33.1136
12.67	33.1395
12.68	33.1654
12.69	33.1911
12.7	33.2167
12.71	33.2423
12.72	33.2677
12.73	33.293
12.74	33.3183
12.75	33.3434
12.76	33.3685
12.77	33.3934
12.78	33.4183
12.79	33.4431
12.8	33.4678
12.81	33.4924
12.82	33.5169
12.83	33.5413
12.84	33.5657
12.85	33.5899
12.86	33.6141
12.87	33.6382
12.88	33.6622
12.89	33.6862
12.9	33.71
12.91	33.7338
12.92	33.7575
12.93	33.7812
12.94	33.8048
12.95	33.8283
12.96	33.8517
12.97	33.8751
12.98	33.8984
12.99	33.9216
13	33.9448
13.01	33.968
13.02	33.991
13.03	34.014
13.04	34.037
13.05	34.0599
13.06	34.0828
13.07	34.1056
13.08	34.1284
13.09	34.1512
13.1	34.1739
13.11	34.1965
13.12	34.2192
13.13	34.2418
13.14	34.2643
13.15	34.2869
13.16	34.3094
13.17	34.3319
13.18	34.3543
13.19	34.3768
13.2	34.3992
13.21	34.4216
13.22	34.444
13.23	34.4664
13.24	34.4888
13.25	34.5111
13.26	34.5335
13.27	34.5558
13.28	34.5782
13.29	34.6006
13.3	34.6229
13.31	34.6453
13.32	34.6677
13.33	34.6901
13.34	34.7125
13.35	34.7349
13.36	34.7574
13.37	34.7798
13.38	34.8023
13.39	34.8248
13.4	34.8473
13.41	34.8699
13.42	34.8925
13.43	34.9151
13.44	34.9378
13.45	34.9605
13.46	34.9832
13.47	35.006
13.48	35.0288
13.49	35.0517
13.5	35.0746
13.51	35.0976
13.52	35.1206
13.53	35.1436
13.54	35.1668
13.55	35.1899
13.56	35.2132
13.57	35.2365
13.58	35.2598
13.59	35.2833
13.6	35.3068
13.61	35.3303
13.62	35.354
13.63	35.3777
13.64	35.4014
13.65	35.4253
13.66	35.4492
13.67	35.4732
13.68	35.4973
13.69	35.5215
13.7	35.5457
13.71	35.5701
13.72	35.5945
13.73	35.619
13.74	35.6436
13.75	35.6682
13.76	35.693
13.77	35.7179
13.78	35.7428
13.79	35.7679
13.8	35.793
13.81	35.8182
13.82	35.8436
13.83	35.869
13.84	35.8945
13.85	35.9201
13.86	35.9458
13.87	35.9716
13.88	35.9975
13.89	36.0236
13.9	36.0497
13.91	36.0759
13.92	36.1022
13.93	36.1286
13.94	36.1551
13.95	36.1817
13.96	36.2084
13.97	36.2352
13.98	36.2621
13.99	36.2891
14	36.3162
14.01	36.3434
14.02	36.3707
14.03	36.3981
14.04	36.4256
14.05	36.4532
14.06	36.4809
14.07	36.5087
14.08	36.5366
14.09	36.5645
14.1	36.5926
14.11	36.6207
14.12	36.649
14.13	36.6773
14.14	36.7057
14.15	36.7342
14.16	36.7627
14.17	36.7914
14.18	36.8201
14.19	36.8489
14.2	36.8778
14.21	36.9068
14.22	36.9358
14.23	36.9649
14.24	36.9941
14.25	37.0233
14.26	37.0526
14.27	37.0819
14.28	37.1113
14.29	37.1408
14.3	37.1703
14.31	37.1999
14.32	37.2295
14.33	37.2591
14.34	37.2888
14.35	37.3186
14.36	37.3484
14.37	37.3782
14.38	37.408
14.39	37.4379
14.4	37.4678
14.41	37.4977
14.42	37.5277
14.43	37.5576
14.44	37.5876
14.45	37.6176
14.46	37.6476
14.47	37.6776
14.48	37.7076
14.49	37.7376
14.5	37.7676
14.51	37.7976
14.52	37.8275
14.53	37.8575
14.54	37.8875
14.55	37.9174
14.56	37.9473
14.57	37.9772
14.58	38.007
14.59	38.0369
14.6	38.0667
14.61	38.0964
14.62	38.1261
14.63	38.1558
14.64	38.1855
14.65	38.215
14.66	38.2446
14.67	38.2741
14.68	38.3035
14.69	38.3329
14.7	38.3622
14.71	38.3914
14.72	38.4206
14.73	38.4498
14.74	38.4788
14.75	38.5078
14.76	38.5367
14.77	38.5656
14.78	38.5943
14.79	38.623
14.8	38.6516
14.81	38.6801
14.82	38.7086
14.83	38.7369
14.84	38.7652
14.85	38.7934
14.86	38.8215
14.87	38.8495
14.88	38.8774
14.89	38.9052
14.9	38.9329
14.91	38.9606
14.92	38.9881
14.93	39.0155
14.94	39.0429
14.95	39.0701
14.96	39.0973
14.97	39.1243
14.98	39.1513
14.99	39.1781
15	39.2049
15.01	39.2315
15.02	39.2581
15.03	39.2845
15.04	39.3109
15.05	39.3372
15.06	39.3633
15.07	39.3894
15.08	39.4153
15.09	39.4412
15.1	39.4669
15.11	39.4926
15.12	39.5181
15.13	39.5436
15.14	39.569
15.15	39.5942
15.16	39.6194
15.17	39.6445
15.18	39.6695
15.19	39.6944
15.2	39.7192
15.21	39.7439
15.22	39.7685
15.23	39.7931
15.24	39.8175
15.25	39.8419
15.26	39.8662
15.27	39.8904
15.28	39.9145
15.29	39.9386
15.3	39.9625
15.31	39.9864
15.32	40.0102
15.33	40.0339
15.34	40.0576
15.35	40.0812
15.36	40.1047
15.37	40.1282
15.38	40.1516
15.39	40.1749
15.4	40.1982
15.41	40.2214
15.42	40.2445
15.43	40.2676
15.44	40.2906
15.45	40.3136
15.46	40.3366
15.47	40.3595
15.48	40.3823
15.49	40.4051
15.5	40.4278
15.51	40.4506
15.52	40.4732
15.53	40.4959
15.54	40.5185
15.55	40.5411
15.56	40.5636
15.57	40.5861
15.58	40.6086
15.59	40.6311
15.6	40.6535
15.61	40.676
15.62	40.6984
15.63	40.7208
15.64	40.7432
15.65	40.7655
15.66	40.7879
15.67	40.8103
15.68	40.8326
15.69	40.855
15.7	40.8774
15.71	40.8997
15.72	40.9221
15.73	40.9445
15.74	40.9669
15.75	40.9893
15.76	41.0117
15.77	41.0341
15.78	41.0566
15.79	41.079
15.8	41.1015
15.81	41.1241
15.82	41.1466
15.83	41.1692
15.84	41.1918
15.85	41.2145
15.86	41.2372
15.87	41.2599
15.88	41.2826
15.89	41.3055
15.9	41.3283
15.91	41.3512
15.92	41.3742
15.93	41.3972
15.94	41.4202
15.95	41.4433
15.96	41.4665
15.97	41.4897
15.98	41.513
15.99	41.5363
16	41.5597
16.01	41.5832
16.02	41.6068
16.03	41.6304
16.04	41.6541
16.05	41.6778
16.06	41.7016
16.07	41.7255
16.08	41.7495
16.09	41.7736
16.1	41.7977
16.11	41.822
16.12	41.8463
16.13	41.8707
16.14	41.8951
16.15	41.9197
16.16	41.9444
16.17	41.9691
16.18	41.9939
16.19	42.0188
16.2	42.0439
16.21	42.069
16.22	42.0942
16.23	42.1195
16.24	42.1449
16.25	42.1704
16.26	42.1959
16.27	42.2216
16.28	42.2474
16.29	42.2733
16.3	42.2993
16.31	42.3254
16.32	42.3515
16.33	42.3778
16.34	42.4042
16.35	42.4307
16.36	42.4573
16.37	42.4839
16.38	42.5107
16.39	42.5376
16.4	42.5646
16.41	42.5917
16.42	42.6188
16.43	42.6461
16.44	42.6735
16.45	42.7009
16.46	42.7285
16.47	42.7562
16.48	42.7839
16.49	42.8118
16.5	42.8397
16.51	42.8677
16.52	42.8959
16.53	42.9241
16.54	42.9524
16.55	42.9807
16.56	43.0092
16.57	43.0377
16.58	43.0664
16.59	43.0951
16.6	43.1239
16.61	43.1527
16.62	43.1817
16.63	43.2107
16.64	43.2397
16.65	43.2689
16.66	43.2981
16.67	43.3274
16.68	43.3567
16.69	43.3861
16.7	43.4155
16.71	43.445
16.72	43.4746
16.73	43.5042
16.74	43.5338
16.75	43.5635
16.76	43.5933
16.77	43.623
16.78	43.6528
16.79	43.6827
16.8	43.7125
16.81	43.7424
16.82	43.7723
16.83	43.8023
16.84	43.8322
16.85	43.8622
16.86	43.8922
16.87	43.9222
16.88	43.9522
16.89	43.9822
16.9	44.0122
16.91	44.0422
16.92	44.0722
16.93	44.1021
16.94	44.1321
16.95	44.1621
16.96	44.192
16.97	44.2219
16.98	44.2518
16.99	44.2817
17	44.3115
17.01	44.3413
17.02	44.3711
17.03	44.4008
17.04	44.4305
17.05	44.4602
17.06	44.4898
17.07	44.5193
17.08	44.5488
17.09	44.5783
17.1	44.6077
17.11	44.637
17.12	44.6663
17.13	44.6955
17.14	44.7246
17.15	44.7537
17.16	44.7827
17.17	44.8116
17.18	44.8405
17.19	44.8693
17.2	44.898
17.21	44.9266
17.22	44.9552
17.23	44.9836
17.24	45.012
17.25	45.0403
17.26	45.0685
17.27	45.0966
17.28	45.1247
17.29	45.1526
17.3	45.1804
17.31	45.2082
17.32	45.2359
17.33	45.2634
17.34	45.2909
17.35	45.3183
17.36	45.3455
17.37	45.3727
17.38	45.3998
17.39	45.4268
17.4	45.4536
17.41	45.4804
17.42	45.5071
17.43	45.5337
17.44	45.5602
17.45	45.5865
17.46	45.6128
17.47	45.639
17.48	45.6651
17.49	45.6911
17.5	45.717
17.51	45.7427
17.52	45.7684
17.53	45.794
17.54	45.8195
17.55	45.8449
17.56	45.8702
17.57	45.8954
17.58	45.9205
17.59	45.9455
17.6	45.9705
17.61	45.9953
17.62	46.02
17.63	46.0447
17.64	46.0693
17.65	46.0937
17.66	46.1181
17.67	46.1424
17.68	46.1667
17.69	46.1908
17.7	46.2149
17.71	46.2388
17.72	46.2628
17.73	46.2866
17.74	46.3103
17.75	46.334
17.76	46.3576
17.77	46.3812
17.78	46.4047
17.79	46.4281
17.8	46.4514
17.81	46.4747
17.82	46.4979
17.83	46.5211
17.84	46.5442
17.85	46.5672
17.86	46.5902
17.87	46.6132
17.88	46.6361
17.89	46.6589
17.9	46.6818
17.91	46.7045
17.92	46.7272
17.93	46.7499
17.94	46.7726
17.95	46.7952
17.96	46.8178
17.97	46.8403
17.98	46.8629
17.99	46.8854
18	46.9078
18.01	46.9303
18.02	46.9527
18.03	46.9751
18.04	46.9975
18.05	47.0199
18.06	47.0423
18.07	47.0647
18.08	47.0871
18.09	47.1094
18.1	47.1318
18.11	47.1541
18.12	47.1765
18.13	47.1989
18.14	47.2212
18.15	47.2436
18.16	47.266
18.17	47.2884
18.18	47.3109
18.19	47.3333
18.2	47.3558
18.21	47.3783
18.22	47.4008
18.23	47.4233
18.24	47.4459
18.25	47.4685
18.26	47.4912
18.27	47.5138
18.28	47.5366
18.29	47.5593
18.3	47.5821
18.31	47.6049
18.32	47.6278
18.33	47.6508
18.34	47.6738
18.35	47.6968
18.36	47.7199
18.37	47.743
18.38	47.7662
18.39	47.7895
18.4	47.8128
18.41	47.8362
18.42	47.8597
18.43	47.8832
18.44	47.9068
18.45	47.9305
18.46	47.9542
18.47	47.978
18.48	48.0019
18.49	48.0258
18.5	48.0499
18.51	48.074
18.52	48.0982
18.53	48.1225
18.54	48.1468
18.55	48.1713
18.56	48.1958
18.57	48.2205
18.58	48.2452
18.59	48.27
18.6	48.2949
18.61	48.3199
18.62	48.345
18.63	48.3701
18.64	48.3954
18.65	48.4208
18.66	48.4462
18.67	48.4718
18.68	48.4975
18.69	48.5232
18.7	48.5491
18.71	48.575
18.72	48.6011
18.73	48.6272
18.74	48.6535
18.75	48.6798
18.76	48.7063
18.77	48.7328
18.78	48.7595
18.79	48.7862
18.8	48.8131
18.81	48.84
18.82	48.8671
18.83	48.8942
18.84	48.9215
18.85	48.9488
18.86	48.9763
18.87	49.0038
18.88	49.0314
18.89	49.0592
18.9	49.087
18.91	49.1149
18.92	49.1429
18.93	49.171
18.94	49.1992
18.95	49.2274
18.96	49.2558
18.97	49.2842
18.98	49.3127
18.99	49.3414
19	49.37
19.01	49.3988
19.02	49.4276
19.03	49.4565
19.04	49.4855
19.05	49.5146
19.06	49.5437
19.07	49.5729
19.08	49.6022
19.09	49.6315
19.1	49.6608
19.11	49.6903
19.12	49.7198
19.13	49.7493
19.14	49.7789
19.15	49.8085
19.16	49.8382
19.17	49.8679
19.18	49.8977
19.19	49.9275
19.2	49.9573
19.21	49.9872
19.22	50.017
19.23	50.047
19.24	50.0769
19.25	50.1068
19.26	50.1368
19.27	50.1668
19.28	50.1968
19.29	50.2268
19.3	50.2568
19.31	50.2868
19.32	50.3168
19.33	50.3468
19.34	50.3767
19.35	50.4067
19.36	50.4367
19.37	50.4666
19.38	50.4965
19.39	50.5264
19.4	50.5563
19.41	50.5862
19.42	50.616
19.43	50.6458
19.44	50.6755
19.45	50.7052
19.46	50.7349
19.47	50.7645
19.48	50.794
19.49	50.8236
19.5	50.853
19.51	50.8824
19.52	50.9118
19.53	50.9411
19.54	50.9703
19.55	50.9995
19.56	51.0286
19.57	51.0576
19.58	51.0865
19.59	51.1154
19.6	51.1442
19.61	51.173
19.62	51.2016
19.63	51.2302
19.64	51.2587
19.65	51.2871
19.66	51.3154
19.67	51.3436
19.68	51.3718
19.69	51.3998
19.7	51.4278
19.71	51.4557
19.72	51.4834
19.73	51.5111
19.74	51.5387
19.75	51.5662
19.76	51.5936
19.77	51.6209
19.78	51.6481
19.79	51.6752
19.8	51.7022
19.81	51.7291
19.82	51.756
19.83	51.7827
19.84	51.8093
19.85	51.8358
19.86	51.8622
19.87	51.8885
19.88	51.9147
19.89	51.9408
19.9	51.9668
19.91	51.9927
19.92	52.0186
19.93	52.0443
19.94	52.0699
19.95	52.0954
19.96	52.1208
19.97	52.1462
19.98	52.1714
19.99	52.1965
20	52.2216
20.01	52.2465
20.02	52.2714
20.03	52.2961
20.04	52.3208
20.05	52.3454
20.06	52.3699
20.07	52.3943
20.08	52.4187
20.09	52.4429
20.1	52.4671
20.11	52.4912
20.12	52.5152
20.13	52.5391
20.14	52.563
20.15	52.5867
20.16	52.6104
20.17	52.6341
20.18	52.6576
20.19	52.6811
20.2	52.7046
20.21	52.7279
20.22	52.7512
20.23	52.7745
20.24	52.7976
20.25	52.8208
20.26	52.8438
20.27	52.8668
20.28	52.8898
20.29	52.9127
20.3	52.9356
20.31	52.9584
20.32	52.9812
20.33	53.0039
20.34	53.0266
20.35	53.0493
20.36	53.0719
20.37	53.0945
20.38	53.1171
20.39	53.1396
20.4	53.1621
20.41	53.1846
20.42	53.207
20.43	53.2295
20.44	53.2519
20.45	53.2743
20.46	53.2967
20.47	53.3191
20.48	53.3415
20.49	53.3638
20.5	53.3862
20.51	53.4086
20.52	53.4309
20.53	53.4533
20.54	53.4757
20.55	53.498
20.56	53.5204
20.57	53.5428
20.58	53.5652
20.59	53.5876
20.6	53.6101
20.61	53.6325
20.62	53.655
20.63	53.6775
20.64	53.7001
20.65	53.7226
20.66	53.7452
20.67	53.7679
20.68	53.7905
20.69	53.8132
20.7	53.836
20.71	53.8588
20.72	53.8816
20.73	53.9045
20.74	53.9274
20.75	53.9504
20.76	53.9734
20.77	53.9964
20.78	54.0196
20.79	54.0428
20.8	54.066
20.81	54.0893
20.82	54.1127
20.83	54.1361
20.84	54.1596
20.85	54.1832
20.86	54.2069
20.87	54.2306
20.88	54.2544
20.89	54.2782
20.9	54.3022
20.91	54.3262
20.92	54.3503
20.93	54.3744
20.94	54.3987
20.95	54.423
20.96	54.4475
20.97	54.472
20.98	54.4966
20.99	54.5213
21	54.5461
21.01	54.5709
21.02	54.5959
21.03	54.621
21.04	54.6461
21.05	54.6713
21.06	54.6967
21.07	54.7221
21.08	54.7477
21.09	54.7733
21.1	54.799
21.11	54.8248
21.12	54.8508
21.13	54.8768
21.14	54.9029
21.15	54.9291
21.16	54.9555
21.17	54.9819
21.18	55.0084
21.19	55.035
21.2	55.0617
21.21	55.0886
21.22	55.1155
21.23	55.1425
21.24	55.1696
21.25	55.1968
21.26	55.2242
21.27	55.2516
21.28	55.2791
21.29	55.3067
21.3	55.3344
21.31	55.3622
21.32	55.3901
21.33	55.418
21.34	55.4461
21.35	55.4743
21.36	55.5025
21.37	55.5308
21.38	55.5593
21.39	55.5878
21.4	55.6163
21.41	55.645
21.42	55.6737
21.43	55.7026
21.44	55.7314
21.45	55.7604
21.46	55.7894
21.47	55.8186
21.48	55.8477
21.49	55.877
21.5	55.9063
21.51	55.9356
21.52	55.965
21.53	55.9945
21.54	56.024
21.55	56.0536
21.56	56.0832
21.57	56.1129
21.58	56.1426
21.59	56.1723
21.6	56.2021
21.61	56.2319
21.62	56.2618
21.63	56.2917
21.64	56.3216
21.65	56.3515
21.66	56.3814
21.67	56.4114
21.68	56.4414
21.69	56.4714
21.7	56.5014
21.71	56.5314
21.72	56.5614
21.73	56.5914
21.74	56.6214
21.75	56.6513
21.76	56.6813
21.77	56.7113
21.78	56.7412
21.79	56.7712
21.8	56.8011
21.81	56.831
21.82	56.8608
21.83	56.8906
21.84	56.9204
21.85	56.9502
21.86	56.9799
21.87	57.0096
21.88	57.0392
21.89	57.0688
21.9	57.0983
21.91	57.1278
21.92	57.1572
21.93	57.1866
21.94	57.2159
21.95	57.2451
21.96	57.2743
21.97	57.3034
21.98	57.3325
21.99	57.3614
22	57.3903
22.01	57.4192
22.02	57.4479
22.03	57.4766
22.04	57.5052
22.05	57.5337
22.06	57.5621
22.07	57.5905
22.08	57.6187
22.09	57.6469
22.1	57.675
22.11	57.703
22.12	57.7309
22.13	57.7587
22.14	57.7864
22.15	57.814
22.16	57.8415
22.17	57.869
22.18	57.8963
22.19	57.9235
22.2	57.9507
22.21	57.9777
22.22	58.0046
22.23	58.0315
22.24	58.0582
22.25	58.0848
22.26	58.1114
22.27	58.1378
22.28	58.1642
22.29	58.1904
22.3	58.2165
22.31	58.2426
22.32	58.2685
22.33	58.2944
22.34	58.3201
22.35	58.3457
22.36	58.3713
22.37	58.3967
22.38	58.4221
22.39	58.4474
22.4	58.4725
22.41	58.4976
22.42	58.5226
22.43	58.5475
22.44	58.5722
22.45	58.597
22.46	58.6216
22.47	58.6461
22.48	58.6705
22.49	58.6949
22.5	58.7192
22.51	58.7434
22.52	58.7675
22.53	58.7915
22.54	58.8154
22.55	58.8393
22.56	58.8631
22.57	58.8868
22.58	58.9105
22.59	58.9341
22.6	58.9576
22.61	58.981
22.62	59.0044
22.63	59.0277
22.64	59.051
22.65	59.0742
22.66	59.0973
22.67	59.1204
22.68	59.1434
22.69	59.1664
22.7	59.1894
22.71	59.2122
22.72	59.2351
22.73	59.2579
22.74	59.2806
22.75	59.3033
22.76	59.326
22.77	59.3486
22.78	59.3712
22.79	59.3938
22.8	59.4163
22.81	59.4388
22.82	59.4613
22.83	59.4838
22.84	59.5062
22.85	59.5287
22.86	59.5511
22.87	59.5735
22.88	59.5959
22.89	59.6182
22.9	59.6406
22.91	59.663
22.92	59.6853
22.93	59.7077
22.94	59.7301
22.95	59.7524
22.96	59.7748
22.97	59.7972
22.98	59.8196
22.99	59.842
23	59.8644
23.01	59.8868
23.02	59.9093
23.03	59.9318
23.04	59.9543
23.05	59.9768
23.06	59.9994
23.07	60.022
23.08	60.0446
23.09	60.0672
23.1	60.0899
23.11	60.1126
23.12	60.1354
23.13	60.1582
23.14	60.1811
23.15	60.204
23.16	60.227
23.17	60.25
23.18	60.273
23.19	60.2961
23.2	60.3193
23.21	60.3425
23.22	60.3658
23.23	60.3892
23.24	60.4126
23.25	60.4361
23.26	60.4596
23.27	60.4833
23.28	60.507
23.29	60.5307
23.3	60.5546
23.31	60.5785
23.32	60.6025
23.33	60.6265
23.34	60.6507
23.35	60.6749
23.36	60.6993
23.37	60.7237
23.38	60.7481
23.39	60.7727
23.4	60.7974
23.41	60.8221
23.42	60.847
23.43	60.8719
23.44	60.897
23.45	60.9221
23.46	60.9473
23.47	60.9726
23.48	60.998
23.49	61.0235
23.5	61.0491
23.51	61.0748
23.52	61.1006
23.53	61.1265
23.54	61.1525
23.55	61.1786
23.56	61.2048
23.57	61.2311
23.58	61.2575
23.59	61.284
23.6	61.3106
23.61	61.3373
23.62	61.3641
23.63	61.391
23.64	61.418
23.65	61.445
23.66	61.4722
23.67	61.4995
23.68	61.5269
23.69	61.5544
23.7	61.582
23.71	61.6096
23.72	61.6374
23.73	61.6653
23.74	61.6932
23.75	61.7212
23.76	61.7494
23.77	61.7776
23.78	61.8059
23.79	61.8343
23.8	61.8628
23.81	61.8913
23.82	61.92
23.83	61.9487
23.84	61.9775
23.85	62.0064
23.86	62.0353
23.87	62.0643
23.88	62.0934
23.89	62.1226
23.9	62.1518
23.91	62.1811
23.92	62.2104
23.93	62.2398
23.94	62.2692
23.95	62.2988
23.96	62.3283
23.97	62.3579
23.98	62.3876
23.99	62.4173
24	62.447
24.01	62.4768
24.02	62.5066
24.03	62.5364
24.04	62.5663
24.05	62.5962
24.06	62.6261
24.07	62.6561
24.08	62.686
24.09	62.716
24.1	62.746
24.11	62.776
24.12	62.806
24.13	62.836
24.14	62.866
24.15	62.896
24.16	62.9259
24.17	62.9559
24.18	62.9859
24.19	63.0158
24.2	63.0458
24.21	63.0757
24.22	63.1056
24.23	63.1354
24.24	63.1653
24.25	63.1951
24.26	63.2248
24.27	63.2546
24.28	63.2843
24.29	63.3139
24.3	63.3435
24.31	63.373
24.32	63.4025
24.33	63.432
24.34	63.4614
24.35	63.4907
24.36	63.5199
24.37	63.5491
24.38	63.5783
24.39	63.6073
24.4	63.6363
24.41	63.6653
24.42	63.6941
24.43	63.7229
24.44	63.7516
24.45	63.7802
24.46	63.8087
24.47	63.8372
24.48	63.8656
24.49	63.8938
24.5	63.922
24.51	63.9501
24.52	63.9782
24.53	64.0061
24.54	64.0339
24.55	64.0617
24.56	64.0893
24.57	64.1169
24.58	64.1443
24.59	64.1717
24.6	64.1989
24.61	64.2261
24.62	64.2532
24.63	64.2801
24.64	64.307
24.65	64.3338
24.66	64.3604
24.67	64.387
24.68	64.4135
24.69	64.4398
24.7	64.4661
24.71	64.4923
24.72	64.5183
24.73	64.5443
24.74	64.5702
24.75	64.5959
24.76	64.6216
24.77	64.6472
24.78	64.6727
24.79	64.698
24.8	64.7233
24.81	64.7485
24.82	64.7736
24.83	64.7986
24.84	64.8235
24.85	64.8483
24.86	64.8731
24.87	64.8977
24.88	64.9223
24.89	64.9467
24.9	64.9711
24.91	64.9954
24.92	65.0196
24.93	65.0438
24.94	65.0678
24.95	65.0918
24.96	65.1157
24.97	65.1395
24.98	65.1632
24.99	65.1869
