0.1	1
0.11	0.998902
0.119989	0.997705
0.129966	0.996409
0.13993	0.995014
0.14988	0.993521
0.159816	0.99193
0.169735	0.990241
0.179637	0.988454
0.189522	0.98657
0.199387	0.984589
0.209233	0.982512
0.219058	0.980339
0.228862	0.97807
0.238643	0.975707
0.2484	0.973248
0.258132	0.970695
0.267839	0.968049
0.27752	0.965309
0.287173	0.962477
0.296797	0.959552
0.306393	0.956536
0.315958	0.953429
0.325493	0.950231
0.334995	0.946943
0.344464	0.943566
0.3539	0.940101
0.363301	0.936547
0.372666	0.932906
0.381996	0.929178
0.391287	0.925365
0.400541	0.921465
0.409756	0.917482
0.41893	0.913414
0.428065	0.909263
0.437157	0.905029
0.446208	0.900714
0.455215	0.896317
0.464178	0.89184
0.473096	0.887284
0.481969	0.882648
0.490796	0.877935
0.499575	0.873145
0.508306	0.868278
0.516989	0.863335
0.525622	0.858317
0.534206	0.853226
0.542738	0.848061
0.551218	0.842824
0.559647	0.837515
0.568022	0.832135
0.576343	0.826686
0.58461	0.821167
0.592822	0.81558
0.600978	0.809925
0.609077	0.804204
0.617119	0.798417
0.625103	0.792566
0.633029	0.78665
0.640895	0.780671
0.648702	0.774629
0.656448	0.768526
0.664133	0.762362
0.671757	0.756139
0.679318	0.749856
0.686817	0.743515
0.694252	0.737117
0.701623	0.730662
0.70893	0.724152
0.716171	0.717587
0.723347	0.710968
0.730457	0.704296
0.7375	0.697572
0.744476	0.690796
0.751384	0.683969
0.758223	0.677093
0.764994	0.670168
0.771696	0.663194
0.778328	0.656173
0.78489	0.649106
0.791381	0.641993
0.797801	0.634834
0.804149	0.627632
0.810425	0.620386
0.816629	0.613098
0.82276	0.605768
0.828818	0.598396
0.834802	0.590985
0.840712	0.583533
0.846547	0.576043
0.852307	0.568515
0.857993	0.56095
0.863602	0.553348
0.869136	0.54571
0.874593	0.538038
0.879973	0.53033
0.885276	0.52259
0.890502	0.514816
0.89565	0.50701
0.90072	0.499172
0.905712	0.491303
0.910625	0.483404
0.915459	0.475476
0.920214	0.467518
0.924889	0.459533
0.929485	0.45152
0.934	0.44348
0.938435	0.435413
0.942789	0.427321
0.947062	0.419204
0.951254	0.411063
0.955365	0.402898
0.959394	0.394709
0.963341	0.386498
0.967206	0.378265
0.970988	0.370011
0.974688	0.361736
0.978306	0.35344
0.98184	0.345125
0.985291	0.33679
0.988659	0.328438
0.991944	0.320067
0.995144	0.311678
0.998261	0.303273
1.00129	0.294851
1.00424	0.286414
1.00711	0.277961
1.00989	0.269493
1.01258	0.261011
1.01519	0.252515
1.01772	0.244006
1.02016	0.235484
1.02251	0.22695
1.02478	0.218404
1.02696	0.209847
1.02906	0.201279
1.03108	0.1927
1.033	0.184112
1.03484	0.175514
1.0366	0.166907
1.03827	0.158292
1.03985	0.149669
1.04135	0.141038
1.04276	0.1324
1.04408	0.123755
1.04532	0.115104
1.04647	0.106448
1.04754	0.0977856
1.04851	0.0891188
1.0494	0.0804476
1.05021	0.0717723
1.05093	0.0630934
1.05156	0.0544115
1.0521	0.0457268
1.05256	0.0370399
1.05293	0.0283511
1.05321	0.0196609
1.05341	0.0109698
1.05352	0.00227809
1.05354	-0.00641371
1.05348	-0.0151052
1.05333	-0.0237959
1.05309	-0.0324855
1.05276	-0.0411734
1.05235	-0.0498594
1.05185	-0.0585428
1.05127	-0.0672233
1.0506	-0.0759005
1.04984	-0.0845739
1.04899	-0.0932432
1.04806	-0.101908
1.04704	-0.110567
1.04593	-0.119221
1.04474	-0.127869
1.04346	-0.136511
1.0421	-0.145145
1.04065	-0.153773
1.03911	-0.162392
1.03748	-0.171003
1.03577	-0.179606
1.03398	-0.188199
1.0321	-0.196783
1.03013	-0.205357
1.02808	-0.21392
1.02594	-0.222472
1.02371	-0.231012
1.0214	-0.239541
1.01901	-0.248057
1.01653	-0.256559
1.01396	-0.265049
1.01131	-0.273524
1.00857	-0.281985
1.00575	-0.29043
1.00285	-0.29886
0.999861	-0.307274
0.996789	-0.315672
0.993632	-0.324052
0.990391	-0.332414
0.987067	-0.340758
0.98366	-0.349084
0.980169	-0.35739
0.976595	-0.365676
0.972938	-0.373941
0.969199	-0.382185
0.965377	-0.390408
0.961473	-0.398608
0.957487	-0.406786
0.953419	-0.41494
0.949269	-0.42307
0.945039	-0.431175
0.940727	-0.439255
0.936334	-0.447309
0.931861	-0.455336
0.927308	-0.463336
0.922675	-0.471308
0.917962	-0.479252
0.913169	-0.487166
0.908297	-0.495051
0.903347	-0.502905
0.898318	-0.510728
0.893211	-0.518519
0.888025	-0.526277
0.882763	-0.534002
0.877423	-0.541693
0.872006	-0.549349
0.866512	-0.55697
0.860942	-0.564554
0.855297	-0.572102
0.849576	-0.579612
0.84378	-0.587084
0.837909	-0.594516
0.831964	-0.601909
0.825945	-0.60926
0.819852	-0.616571
0.813686	-0.623839
0.807448	-0.631064
0.801137	-0.638246
0.794755	-0.645383
0.788301	-0.652474
0.781776	-0.65952
0.775181	-0.666518
0.768516	-0.673469
0.761781	-0.680371
0.754978	-0.687224
0.748105	-0.694026
0.741165	-0.700778
0.734157	-0.707477
0.727082	-0.714124
0.719941	-0.720718
0.712734	-0.727257
0.705461	-0.733741
0.698124	-0.740168
0.690722	-0.746539
0.683257	-0.752853
0.675728	-0.759107
0.668137	-0.765303
0.660484	-0.771437
0.65277	-0.777511
0.644995	-0.783523
0.63716	-0.789472
0.629265	-0.795358
0.621311	-0.801179
0.6133	-0.806935
0.60523	-0.812624
0.597104	-0.818247
0.588922	-0.823801
0.580683	-0.829287
0.572391	-0.834704
0.564044	-0.84005
0.555643	-0.845325
0.54719	-0.850528
0.538685	-0.855658
0.530128	-0.860714
0.521521	-0.865696
0.512864	-0.870603
0.504158	-0.875434
0.495404	-0.880187
0.486602	-0.884864
0.477753	-0.889462
0.468858	-0.89398
0.459919	-0.898419
0.450934	-0.902777
0.441907	-0.907054
0.432836	-0.911248
0.423724	-0.91536
0.41457	-0.919388
0.405376	-0.923331
0.396143	-0.92719
0.386871	-0.930963
0.377561	-0.934649
0.368215	-0.938249
0.358832	-0.941761
0.349415	-0.945184
0.339963	-0.948519
0.330478	-0.951764
0.32096	-0.954918
0.311411	-0.957982
0.301831	-0.960955
0.292221	-0.963836
0.282583	-0.966624
0.272917	-0.96932
0.263224	-0.971922
0.253504	-0.97443
0.24376	-0.976843
0.233992	-0.979162
0.2242	-0.981385
0.214386	-0.983513
0.204551	-0.985544
0.194696	-0.987479
0.184821	-0.989316
0.174928	-0.991057
0.165017	-0.992699
0.15509	-0.994244
0.145148	-0.99569
0.135191	-0.997038
0.12522	-0.998287
0.115238	-0.999437
0.105243	-1.00049
0.0952383	-1.00144
0.085224	-1.00229
0.0752011	-1.00304
0.0651707	-1.00369
0.0551337	-1.00424
0.0450913	-1.00469
0.0350444	-1.00504
0.0249939	-1.00529
0.014941	-1.00544
0.00488654	-1.00549
-0.00516838	-1.00544
-0.0152228	-1.00529
-0.0252757	-1.00504
-0.035326	-1.00468
-0.0453729	-1.00423
-0.0554152	-1.00368
-0.0654519	-1.00302
-0.0754821	-1.00227
-0.0855048	-1.00141
-0.0955189	-1.00046
-0.105524	-0.999406
-0.115518	-0.998253
-0.1255	-0.997002
-0.13547	-0.995651
-0.145427	-0.994202
-0.155369	-0.992655
-0.165295	-0.991009
-0.175205	-0.989266
-0.185098	-0.987426
-0.194972	-0.985488
-0.204827	-0.983454
-0.214662	-0.981324
-0.224475	-0.979098
-0.234266	-0.976777
-0.244034	-0.974361
-0.253777	-0.97185
-0.263496	-0.969245
-0.273188	-0.966547
-0.282854	-0.963756
-0.292491	-0.960873
-0.3021	-0.957898
-0.311679	-0.954831
-0.321227	-0.951674
-0.330744	-0.948426
-0.340228	-0.945089
-0.349679	-0.941663
-0.359096	-0.938149
-0.368477	-0.934547
-0.377823	-0.930858
-0.387131	-0.927083
-0.396402	-0.923222
-0.405634	-0.919276
-0.414827	-0.915246
-0.42398	-0.911132
-0.433091	-0.906935
-0.44216	-0.902656
-0.451187	-0.898296
-0.46017	-0.893855
-0.469108	-0.889334
-0.478002	-0.884734
-0.486849	-0.880055
-0.49565	-0.875299
-0.504403	-0.870466
-0.513107	-0.865557
-0.521763	-0.860573
-0.530369	-0.855515
-0.538924	-0.850383
-0.547427	-0.845178
-0.555879	-0.839901
-0.564278	-0.834553
-0.572624	-0.829134
-0.580915	-0.823647
-0.589152	-0.81809
-0.597333	-0.812466
-0.605457	-0.806774
-0.613525	-0.801017
-0.621535	-0.795194
-0.629487	-0.789307
-0.63738	-0.783356
-0.645214	-0.777342
-0.652987	-0.771266
-0.6607	-0.76513
-0.668351	-0.758933
-0.67594	-0.752676
-0.683467	-0.746362
-0.690931	-0.739989
-0.698331	-0.73356
-0.705666	-0.727074
-0.712937	-0.720534
-0.720142	-0.713939
-0.727282	-0.70729
-0.734355	-0.700589
-0.74136	-0.693836
-0.748299	-0.687032
-0.755169	-0.680178
-0.761971	-0.673275
-0.768704	-0.666323
-0.775367	-0.659323
-0.78196	-0.652276
-0.788483	-0.645183
-0.794935	-0.638045
-0.801315	-0.630862
-0.807624	-0.623636
-0.81386	-0.616367
-0.820024	-0.609055
-0.826114	-0.601702
-0.832131	-0.594308
-0.838075	-0.586875
-0.843943	-0.579402
-0.849737	-0.571891
-0.855456	-0.564342
-0.8611	-0.556757
-0.866667	-0.549135
-0.872159	-0.541478
-0.877573	-0.533786
-0.882911	-0.52606
-0.888172	-0.518301
-0.893355	-0.510509
-0.89846	-0.502685
-0.903487	-0.49483
-0.908435	-0.486945
-0.913304	-0.47903
-0.918095	-0.471085
-0.922806	-0.463112
-0.927437	-0.455111
-0.931988	-0.447083
-0.936459	-0.439029
-0.940849	-0.430948
-0.945158	-0.422842
-0.949387	-0.414712
-0.953534	-0.406557
-0.9576	-0.398379
-0.961583	-0.390178
-0.965485	-0.381955
-0.969305	-0.37371
-0.973042	-0.365444
-0.976696	-0.357157
-0.980268	-0.348851
-0.983756	-0.340525
-0.987162	-0.33218
-0.990483	-0.323817
-0.993721	-0.315437
-0.996876	-0.307039
-0.999946	-0.298624
-1.00293	-0.290194
-1.00583	-0.281748
-1.00865	-0.273287
-1.01138	-0.264811
-1.01403	-0.256321
-1.0166	-0.247818
-1.01907	-0.239302
-1.02147	-0.230773
-1.02378	-0.222232
-1.026	-0.21368
-1.02813	-0.205117
-1.03019	-0.196543
-1.03215	-0.187959
-1.03403	-0.179365
-1.03582	-0.170762
-1.03753	-0.162151
-1.03915	-0.153531
-1.04069	-0.144903
-1.04214	-0.136268
-1.0435	-0.127627
-1.04478	-0.118979
-1.04597	-0.110325
-1.04707	-0.101665
-1.04809	-0.0930002
-1.04902	-0.0843309
-1.04986	-0.0756574
-1.05062	-0.0669801
-1.05129	-0.0582994
-1.05187	-0.0496159
-1.05236	-0.0409299
-1.05277	-0.0322419
-1.0531	-0.0235523
-1.05333	-0.0148616
-1.05348	-0.00617008
-1.05354	0.00252172
-1.05352	0.0112134
-1.05341	0.0199045
-1.05321	0.0285947
-1.05292	0.0372834
-1.05255	0.0459703
-1.05209	0.0546549
-1.05154	0.0633368
-1.05091	0.0720155
-1.05019	0.0806907
-1.04938	0.0893618
-1.04849	0.0980285
-1.04751	0.10669
-1.04644	0.115347
-1.04529	0.123997
-1.04405	0.132642
-1.04272	0.14128
-1.04131	0.14991
-1.03981	0.158533
-1.03822	0.167148
-1.03655	0.175755
-1.03479	0.184353
-1.03295	0.192941
-1.03102	0.201519
-1.02901	0.210087
-1.0269	0.218644
-1.02472	0.227189
-1.02245	0.235723
-1.02009	0.244245
-1.01765	0.252754
-1.01512	0.261249
-1.01251	0.269731
-1.00981	0.278198
-1.00703	0.28665
-1.00416	0.295088
-1.00121	0.303509
-0.998175	0.311914
-0.995056	0.320302
-0.991853	0.328672
-0.988566	0.337024
-0.985196	0.345358
-0.981742	0.353673
-0.978205	0.361968
-0.974586	0.370242
-0.970883	0.378496
-0.967098	0.386729
-0.963231	0.394939
-0.959282	0.403127
-0.95525	0.411292
-0.951138	0.419432
-0.946943	0.427549
-0.942668	0.43564
-0.938311	0.443706
-0.933874	0.451745
-0.929357	0.459757
-0.924759	0.467742
-0.920082	0.475698
-0.915325	0.483626
-0.910489	0.491524
-0.905573	0.499392
-0.900579	0.507229
-0.895507	0.515034
-0.890357	0.522807
-0.885129	0.530547
-0.879823	0.538253
-0.874441	0.545925
-0.868981	0.553562
-0.863446	0.561163
-0.857834	0.568727
-0.852147	0.576254
-0.846384	0.583743
-0.840547	0.591193
-0.834635	0.598603
-0.828649	0.605974
-0.822589	0.613303
-0.816456	0.62059
-0.81025	0.627834
-0.803972	0.635036
-0.797622	0.642193
-0.7912	0.649305
-0.784707	0.656371
-0.778143	0.66339
-0.771509	0.670363
-0.764805	0.677286
-0.758033	0.684161
-0.751191	0.690987
-0.744281	0.697761
-0.737303	0.704484
-0.730259	0.711155
-0.723147	0.717772
-0.715969	0.724335
-0.708726	0.730844
-0.701418	0.737297
-0.694045	0.743694
-0.686608	0.750033
-0.679107	0.756314
-0.671544	0.762536
-0.663919	0.768698
-0.656232	0.774799
-0.648484	0.780839
-0.640675	0.786816
-0.632807	0.792731
-0.62488	0.798581
-0.616894	0.804366
-0.608851	0.810085
-0.60075	0.815737
-0.592592	0.821323
-0.584379	0.826839
-0.576111	0.832287
-0.567788	0.837665
-0.559411	0.842972
-0.550981	0.848207
-0.542499	0.85337
-0.533966	0.858459
-0.525381	0.863475
-0.516746	0.868415
-0.508062	0.87328
-0.499329	0.878068
-0.490549	0.882779
-0.481721	0.887412
-0.472847	0.891967
-0.463927	0.896441
-0.454963	0.900836
-0.445954	0.905149
-0.436903	0.90938
-0.427809	0.913529
-0.418674	0.917594
-0.409498	0.921576
-0.400282	0.925473
-0.391027	0.929284
-0.381735	0.933009
-0.372404	0.936648
-0.363038	0.940199
-0.353636	0.943662
-0.344199	0.947037
-0.334729	0.950322
-0.325226	0.953517
-0.315691	0.956622
-0.306124	0.959635
-0.296528	0.962557
-0.286902	0.965387
-0.277249	0.968124
-0.267567	0.970768
-0.25786	0.973318
-0.248126	0.975774
-0.238369	0.978135
-0.228587	0.980401
-0.218783	0.982572
-0.208958	0.984646
-0.199111	0.986624
-0.189245	0.988505
-0.17936	0.990289
-0.169457	0.991976
-0.159537	0.993564
-0.149602	0.995055
-0.139651	0.996447
-0.129687	0.99774
-0.119709	0.998934
-0.10972	1.00003
-0.0997196	1.00102
-0.0897093	1.00192
-0.0796901	1.00272
-0.0696629	1.00341
-0.0596288	1.00401
-0.0495887	1.0045
-0.0395437	1.0049
-0.0294947	1.00519
-0.0194427	1.00539
-0.00938883	1.00548
0.000666003	1.00548
0.0107208	1.00537
0.0207745	1.00516
0.0308261	1.00485
0.0408746	1.00444
0.0509191	1.00394
0.0609584	1.00333
0.0709917	1.00262
0.0810178	1.00181
0.0910359	1.0009
0.101045	0.99989
0.111044	0.998782
0.121032	0.997574
0.131007	0.996268
0.14097	0.994863
0.150919	0.99336
0.160852	0.991758
0.17077	0.990059
0.18067	0.988262
0.190553	0.986368
0.200417	0.984377
0.210261	0.98229
0.220083	0.980107
0.229884	0.977828
0.239663	0.975454
0.249417	0.972986
0.259147	0.970423
0.268851	0.967767
0.278529	0.965018
0.288179	0.962176
0.297801	0.959241
0.307393	0.956216
0.316956	0.953099
0.326487	0.949892
0.335985	0.946595
0.345451	0.943209
0.354884	0.939734
0.364281	0.936171
0.373643	0.932521
0.382968	0.928784
0.392256	0.924961
0.401505	0.921053
0.410716	0.917061
0.419886	0.912984
0.429016	0.908824
0.438104	0.904582
0.44715	0.900258
0.456153	0.895853
0.465111	0.891368
0.474025	0.886803
0.482893	0.88216
0.491715	0.877438
0.500489	0.87264
0.509215	0.867765
0.517893	0.862814
0.526521	0.857789
0.535099	0.85269
0.543626	0.847517
0.552101	0.842273
0.560524	0.836956
0.568894	0.831569
0.577209	0.826112
0.58547	0.820587
0.593676	0.814992
0.601826	0.809331
0.609919	0.803603
0.617955	0.797809
0.625934	0.791951
0.633853	0.786028
0.641713	0.780042
0.649514	0.773994
0.657254	0.767885
0.664933	0.761715
0.67255	0.755485
0.680105	0.749196
0.687597	0.74285
0.695025	0.736446
0.702389	0.729985
0.709689	0.723469
0.716924	0.716898
0.724093	0.710274
0.731196	0.703596
0.738232	0.696866
0.7452	0.690085
0.752101	0.683254
0.758934	0.676372
0.765697	0.669442
0.772392	0.662463
0.779017	0.655437
0.785571	0.648365
0.792055	0.641247
0.798467	0.634084
0.804808	0.626877
0.811077	0.619627
0.817273	0.612334
0.823396	0.605
0.829446	0.597624
0.835422	0.590208
0.841325	0.582753
0.847152	0.575259
0.852905	0.567727
0.858582	0.560158
0.864184	0.552552
0.869709	0.544911
0.875158	0.537234
0.880531	0.529524
0.885826	0.521779
0.891044	0.514002
0.896184	0.506192
0.901245	0.498351
0.906229	0.49048
0.911134	0.482578
0.91596	0.474646
0.920706	0.466686
0.925373	0.458697
0.92996	0.450681
0.934467	0.442639
0.938893	0.434569
0.943239	0.426475
0.947503	0.418355
0.951687	0.410211
0.955789	0.402044
0.95981	0.393853
0.963748	0.385639
0.967605	0.377404
0.971379	0.369147
0.97507	0.36087
0.978679	0.352572
0.982204	0.344255
0.985647	0.335919
0.989006	0.327564
0.992282	0.319191
0.995474	0.310801
0.998582	0.302394
1.00161	0.293971
1.00455	0.285532
1.0074	0.277077
1.01017	0.268608
1.01286	0.260124
1.01546	0.251627
1.01798	0.243117
1.02041	0.234594
1.02275	0.226058
1.02501	0.217511
1.02719	0.208952
1.02928	0.200383
1.03128	0.191804
1.0332	0.183214
1.03503	0.174615
1.03678	0.166008
1.03844	0.157392
1.04001	0.148767
1.0415	0.140136
1.0429	0.131497
1.04422	0.122852
1.04544	0.1142
1.04659	0.105543
1.04764	0.0968807
1.04861	0.0882134
1.04949	0.0795417
1.05029	0.070866
1.051	0.0621868
1.05162	0.0535045
1.05215	0.0448196
1.0526	0.0361325
1.05296	0.0274435
1.05324	0.0187532
1.05342	0.010062
1.05353	0.00137029
1.05354	-0.00732149
1.05347	-0.0160129
1.05331	-0.0247036
1.05306	-0.033393
1.05272	-0.0420807
1.0523	-0.0507664
1.0518	-0.0594496
1.0512	-0.0681298
1.05052	-0.0768066
1.04975	-0.0854796
1.0489	-0.0941483
1.04796	-0.102812
1.04693	-0.111471
1.04581	-0.120125
1.04461	-0.128772
1.04332	-0.137413
1.04195	-0.146047
1.04049	-0.154673
1.03894	-0.163292
1.03731	-0.171902
1.03559	-0.180504
1.03379	-0.189096
1.0319	-0.197679
1.02992	-0.206252
1.02786	-0.214814
1.02571	-0.223364
1.02347	-0.231904
1.02116	-0.240431
1.01875	-0.248945
1.01626	-0.257447
1.01369	-0.265935
1.01103	-0.274408
1.00828	-0.282867
1.00545	-0.291312
1.00254	-0.29974
0.999544	-0.308152
0.996463	-0.316548
0.993297	-0.324926
0.990048	-0.333287
0.986715	-0.341629
0.983299	-0.349952
0.979799	-0.358256
0.976217	-0.36654
0.972551	-0.374803
0.968803	-0.383045
0.964973	-0.391265
0.96106	-0.399463
0.957066	-0.407638
0.952989	-0.41579
0.948831	-0.423917
0.944592	-0.43202
0.940272	-0.440097
0.935871	-0.448148
0.93139	-0.456173
0.926828	-0.46417
0.922186	-0.472139
0.917465	-0.48008
0.912664	-0.487991
0.907784	-0.495873
0.902825	-0.503723
0.897788	-0.511543
0.892673	-0.51933
0.887479	-0.527085
0.882208	-0.534807
0.87686	-0.542494
0.871435	-0.550147
0.865934	-0.557764
0.860356	-0.565344
0.854703	-0.572888
0.848974	-0.580394
0.84317	-0.587862
0.837291	-0.59529
0.831339	-0.602678
0.825312	-0.610026
0.819212	-0.617332
0.813038	-0.624596
0.806792	-0.631817
0.800474	-0.638993
0.794084	-0.646126
0.787623	-0.653212
0.781091	-0.660253
0.774488	-0.667246
0.767816	-0.674192
0.761074	-0.681089
0.754263	-0.687937
0.747384	-0.694734
0.740436	-0.70148
0.733421	-0.708174
0.72634	-0.714815
0.719192	-0.721403
0.711978	-0.727937
0.704698	-0.734415
0.697354	-0.740837
0.689946	-0.747201
0.682474	-0.753509
0.674939	-0.759757
0.667341	-0.765946
0.659682	-0.772075
0.651961	-0.778142
0.644179	-0.784148
0.636338	-0.79009
0.628437	-0.795969
0.620477	-0.801783
0.612459	-0.807532
0.604384	-0.813215
0.596252	-0.81883
0.588064	-0.824378
0.57982	-0.829856
0.571521	-0.835265
0.563169	-0.840604
0.554763	-0.845871
0.546304	-0.851067
0.537793	-0.856189
0.529231	-0.861238
0.520619	-0.866212
0.511957	-0.871111
0.503246	-0.875934
0.494486	-0.880679
0.48568	-0.885348
0.476826	-0.889937
0.467927	-0.894448
0.458982	-0.898878
0.449994	-0.903228
0.440961	-0.907496
0.431886	-0.911681
0.422769	-0.915784
0.413612	-0.919804
0.404414	-0.923738
0.395176	-0.927588
0.3859	-0.931352
0.376587	-0.935029
0.367237	-0.93862
0.35785	-0.942122
0.348429	-0.945537
0.338974	-0.948862
0.329485	-0.952097
0.319964	-0.955243
0.310412	-0.958297
0.300829	-0.96126
0.291216	-0.964132
0.281575	-0.96691
0.271906	-0.969596
0.26221	-0.972188
0.252488	-0.974686
0.242741	-0.97709
0.23297	-0.979399
0.223176	-0.981612
0.21336	-0.983729
0.203523	-0.98575
0.193665	-0.987675
0.183788	-0.989503
0.173893	-0.991233
0.163981	-0.992865
0.154052	-0.9944
0.144108	-0.995836
0.13415	-0.997173
0.124178	-0.998412
0.114194	-0.999551
0.104199	-1.00059
0.0941928	-1.00153
0.0841775	-1.00237
0.0741538	-1.00311
0.0641227	-1.00375
0.0540851	-1.00429
0.0440422	-1.00474
0.0339948	-1.00508
0.0239441	-1.00531
0.0138909	-1.00545
0.00383639	-1.00549
-0.00621853	-1.00543
-0.0162728	-1.00527
-0.0263255	-1.005
-0.0363755	-1.00464
-0.0464219	-1.00418
-0.0564637	-1.00361
-0.0664998	-1.00295
-0.0765293	-1.00218
-0.0865511	-1.00132
-0.0965643	-1.00035
-0.106568	-0.99929
-0.116561	-0.998127
-0.126542	-0.996865
-0.136511	-0.995504
-0.146466	-0.994045
-0.156406	-0.992487
-0.166331	-0.990832
-0.176239	-0.989078
-0.18613	-0.987228
-0.196002	-0.98528
-0.205855	-0.983236
-0.215688	-0.981096
-0.225499	-0.97886
-0.235287	-0.976529
-0.245052	-0.974103
-0.254793	-0.971582
-0.264509	-0.968968
-0.274199	-0.96626
-0.283862	-0.96346
-0.293496	-0.960567
-0.303102	-0.957582
-0.312678	-0.954506
-0.322223	-0.951339
-0.331736	-0.948082
-0.341217	-0.944736
-0.350664	-0.941301
-0.360077	-0.937777
-0.369455	-0.934166
-0.378797	-0.930468
-0.388101	-0.926684
-0.397368	-0.922814
-0.406596	-0.918859
-0.415785	-0.91482
-0.424933	-0.910697
-0.43404	-0.906492
-0.443105	-0.902204
-0.452127	-0.897836
-0.461105	-0.893386
-0.470039	-0.888857
-0.478928	-0.884249
-0.48777	-0.879562
-0.496566	-0.874798
-0.505314	-0.869957
-0.514014	-0.86504
-0.522664	-0.860049
-0.531264	-0.854982
-0.539814	-0.849843
-0.548313	-0.84463
-0.556759	-0.839346
-0.565152	-0.83399
-0.573492	-0.828565
-0.581778	-0.823069
-0.590009	-0.817506
-0.598184	-0.811874
-0.606302	-0.806176
-0.614364	-0.800412
-0.622368	-0.794582
-0.630314	-0.788688
-0.638201	-0.782731
-0.646028	-0.77671
-0.653795	-0.770628
-0.661502	-0.764485
-0.669147	-0.758282
-0.676729	-0.75202
-0.68425	-0.745699
-0.691707	-0.73932
-0.6991	-0.732885
-0.706429	-0.726394
-0.713693	-0.719847
-0.720891	-0.713247
-0.728024	-0.706593
-0.735089	-0.699886
-0.742088	-0.693128
-0.74902	-0.686319
-0.755883	-0.67946
-0.762677	-0.672551
-0.769403	-0.665594
-0.776059	-0.658589
-0.782645	-0.651538
-0.78916	-0.64444
-0.795604	-0.637297
-0.801977	-0.63011
-0.808279	-0.622879
-0.814507	-0.615605
-0.820663	-0.608289
-0.826746	-0.600932
-0.832756	-0.593534
-0.838691	-0.586096
-0.844552	-0.578619
-0.850338	-0.571104
-0.856049	-0.563552
-0.861685	-0.555962
-0.867244	-0.548337
-0.872728	-0.540676
-0.878134	-0.53298
-0.883464	-0.525251
-0.888717	-0.517488
-0.893892	-0.509693
-0.898989	-0.501866
-0.904007	-0.494008
-0.908947	-0.48612
-0.913808	-0.478201
-0.91859	-0.470254
-0.923293	-0.462278
-0.927916	-0.454274
-0.932459	-0.446243
-0.936921	-0.438186
-0.941303	-0.430103
-0.945604	-0.421994
-0.949824	-0.413861
-0.953962	-0.405704
-0.958019	-0.397523
-0.961995	-0.38932
-0.965888	-0.381094
-0.969699	-0.372847
-0.973427	-0.364579
-0.977073	-0.35629
-0.980636	-0.347982
-0.984116	-0.339654
-0.987512	-0.331307
-0.990825	-0.322943
-0.994055	-0.31456
-0.9972	-0.306161
-1.00026	-0.297745
-1.00324	-0.289312
-1.00613	-0.280865
-1.00894	-0.272402
-1.01167	-0.263925
-1.0143	-0.255434
-1.01686	-0.246929
-1.01933	-0.238412
-1.02171	-0.229882
-1.02401	-0.22134
-1.02622	-0.212786
-1.02835	-0.204222
-1.03039	-0.195647
-1.03235	-0.187061
-1.03422	-0.178467
-1.03601	-0.169863
-1.0377	-0.161251
-1.03932	-0.15263
-1.04084	-0.144002
-1.04228	-0.135366
-1.04364	-0.126724
-1.0449	-0.118075
-1.04609	-0.10942
-1.04718	-0.10076
-1.04819	-0.092095
-1.04911	-0.0834252
-1.04994	-0.0747512
-1.05069	-0.0660736
-1.05135	-0.0573926
-1.05192	-0.0487088
-1.05241	-0.0400226
-1.05281	-0.0313344
-1.05313	-0.0226447
-1.05335	-0.0139538
-1.05349	-0.0052623
-1.05354	0.00342952
-1.05351	0.0121212
-1.05339	0.0208122
-1.05318	0.0295022
-1.05289	0.0381908
-1.0525	0.0468774
-1.05203	0.0555618
-1.05148	0.0642433
-1.05084	0.0729217
-1.05011	0.0815965
-1.04929	0.0902672
-1.04839	0.0989334
-1.0474	0.107595
-1.04632	0.116251
-1.04516	0.124901
-1.04391	0.133544
-1.04258	0.142181
-1.04115	0.150811
-1.03965	0.159434
-1.03805	0.168048
-1.03637	0.176653
-1.03461	0.18525
-1.03275	0.193837
-1.03081	0.202414
-1.02879	0.210981
-1.02668	0.219537
-1.02448	0.228081
-1.0222	0.236614
-1.01984	0.245134
-1.01739	0.253642
-1.01485	0.262136
-1.01223	0.270616
-1.00952	0.279081
-1.00673	0.287532
-1.00386	0.295968
-1.0009	0.304387
-0.997853	0.312791
-0.994725	0.321177
-0.991513	0.329545
-0.988218	0.337896
-0.984839	0.346227
-0.981377	0.35454
-0.977831	0.362833
-0.974203	0.371106
-0.970492	0.379357
-0.966698	0.387587
-0.962822	0.395795
-0.958864	0.403981
-0.954825	0.412143
-0.950703	0.420281
-0.9465	0.428395
-0.942216	0.436484
-0.937852	0.444546
-0.933406	0.452583
-0.92888	0.460592
-0.924274	0.468574
-0.919589	0.476528
-0.914823	0.484452
-0.909979	0.492347
-0.905055	0.500212
-0.900053	0.508045
-0.894973	0.515847
-0.889814	0.523617
-0.884578	0.531353
-0.879265	0.539056
-0.873874	0.546724
-0.868407	0.554357
-0.862863	0.561954
-0.857244	0.569515
-0.851549	0.577038
-0.845778	0.584523
-0.839933	0.591969
-0.834013	0.599375
-0.82802	0.606741
-0.821952	0.614066
-0.815811	0.621349
-0.809598	0.628589
-0.803312	0.635785
-0.796954	0.642938
-0.790525	0.650045
-0.784024	0.657106
-0.777453	0.664121
-0.770812	0.671088
-0.764101	0.678007
-0.757321	0.684877
-0.750472	0.691696
-0.743556	0.698466
-0.736571	0.705183
-0.729519	0.711848
-0.722401	0.71846
-0.715216	0.725018
-0.707966	0.731521
-0.700651	0.737968
-0.693271	0.744358
-0.685827	0.750692
-0.67832	0.756966
-0.670751	0.763182
-0.663119	0.769338
-0.655426	0.775433
-0.647671	0.781466
-0.639857	0.787437
-0.631982	0.793345
-0.624049	0.799188
-0.616057	0.804966
-0.608007	0.810678
-0.5999	0.816324
-0.591737	0.821902
-0.583518	0.827412
-0.575244	0.832852
-0.566915	0.838222
-0.558533	0.843522
-0.550098	0.848749
-0.541611	0.853905
-0.533072	0.858986
-0.524482	0.863994
-0.515842	0.868927
-0.507152	0.873784
-0.498415	0.878564
-0.489629	0.883267
-0.480796	0.887892
-0.471917	0.892438
-0.462993	0.896904
-0.454024	0.90129
-0.445011	0.905595
-0.435955	0.909817
-0.426857	0.913957
-0.417717	0.918014
-0.408537	0.921987
-0.399317	0.925875
-0.390059	0.929677
-0.380762	0.933393
-0.371428	0.937023
-0.362058	0.940565
-0.352652	0.944019
-0.343212	0.947384
-0.333738	0.95066
-0.324231	0.953846
-0.314693	0.956941
-0.305124	0.959945
-0.295524	0.962857
-0.285896	0.965677
-0.276239	0.968405
-0.266555	0.971039
-0.256844	0.973579
-0.247108	0.976025
-0.237348	0.978376
-0.227564	0.980633
-0.217758	0.982793
-0.20793	0.984857
-0.198082	0.986825
-0.188213	0.988696
-0.178326	0.99047
-0.168422	0.992146
-0.1585	0.993725
-0.148563	0.995205
-0.138611	0.996587
-0.128645	0.997869
-0.118666	0.999053
-0.108676	1.00014
-0.0986745	1.00112
-0.0886633	1.00201
-0.0786432	1.00279
-0.0686152	1.00348
-0.0585804	1.00407
-0.0485398	1.00455
-0.0384943	1.00494
-0.0284449	1.00522
-0.0183927	1.0054
-0.0083387	1.00549
0.00171617	1.00547
0.0117709	1.00535
0.0218244	1.00513
0.0318757	1.00482
0.0419239	1.0044
0.0519678	1.00388
0.0620066	1.00326
0.0720392	1.00254
0.0820646	1.00172
0.0920817	1.0008
0.10209	0.999779
0.112087	0.99866
0.122074	0.997443
0.132049	0.996126
0.14201	0.994711
0.151957	0.993197
0.161889	0.991585
0.171805	0.989876
0.181703	0.988068
0.191584	0.986164
0.201446	0.984163
0.211287	0.982066
0.221108	0.979873
0.230907	0.977585
0.240683	0.975201
0.250435	0.972723
0.260162	0.97015
0.269863	0.967484
0.279538	0.964725
0.289186	0.961873
0.298804	0.95893
0.308394	0.955894
0.317952	0.952768
0.32748	0.949552
0.336976	0.946245
0.346438	0.94285
0.355867	0.939366
0.36526	0.935794
0.374618	0.932135
0.38394	0.928389
0.393223	0.924557
0.402469	0.92064
0.411675	0.916639
0.420842	0.912554
0.429967	0.908385
0.439051	0.904134
0.448093	0.899802
0.457091	0.895388
0.466044	0.890895
0.474953	0.886322
0.483817	0.88167
0.492633	0.876941
0.501403	0.872134
0.510124	0.867251
0.518797	0.862293
0.52742	0.85726
0.535992	0.852153
0.544514	0.846973
0.552983	0.841721
0.561401	0.836397
0.569765	0.831003
0.578075	0.825539
0.58633	0.820005
0.59453	0.814404
0.602674	0.808736
0.610761	0.803001
0.618791	0.7972
0.626763	0.791335
0.634677	0.785406
0.642531	0.779414
0.650325	0.773359
0.658059	0.767243
0.665731	0.761067
0.673342	0.754831
0.68089	0.748536
0.688375	0.742183
0.695797	0.735773
0.703155	0.729307
0.710448	0.722785
0.717676	0.716209
0.724838	0.709579
0.731934	0.702896
0.738963	0.696161
0.745924	0.689374
0.752818	0.682537
0.759643	0.67565
0.7664	0.668715
0.773087	0.661732
0.779704	0.654701
0.786251	0.647624
0.792728	0.640501
0.799133	0.633334
0.805466	0.626122
0.811727	0.618867
0.817916	0.61157
0.824032	0.604231
0.830074	0.596851
0.836042	0.589431
0.841937	0.581972
0.847756	0.574474
0.853501	0.566938
0.859171	0.559365
0.864764	0.551756
0.870282	0.544111
0.875723	0.536431
0.881087	0.528716
0.886374	0.520968
0.891584	0.513188
0.896716	0.505375
0.90177	0.497531
0.906745	0.489656
0.911641	0.481751
0.916459	0.473816
0.921197	0.465853
0.925856	0.457861
0.930434	0.449843
0.934933	0.441797
0.939351	0.433725
0.943688	0.425628
0.947944	0.417506
0.952119	0.409359
0.956213	0.401189
0.960225	0.392996
0.964155	0.38478
0.968003	0.376543
0.971768	0.368284
0.975451	0.360004
0.979051	0.351705
0.982568	0.343385
0.986002	0.335047
0.989352	0.32669
0.992619	0.318316
0.995802	0.309924
0.998902	0.301515
1.00192	0.29309
1.00485	0.284649
1.00769	0.276193
1.01046	0.267723
1.01313	0.259238
1.01573	0.250739
1.01823	0.242227
1.02066	0.233703
1.02299	0.225166
1.02524	0.216618
1.02741	0.208058
1.02949	0.199488
1.03149	0.190907
1.03339	0.182316
1.03522	0.173717
1.03695	0.165108
1.03861	0.156491
1.04017	0.147866
1.04165	0.139234
1.04304	0.130594
1.04435	0.121949
1.04557	0.113296
1.0467	0.104639
1.04775	0.0959757
1.04871	0.0873079
1.04958	0.0786357
1.05037	0.0699597
1.05107	0.0612802
1.05168	0.0525976
1.0522	0.0439124
1.05264	0.0352251
1.053	0.026536
1.05326	0.0178455
1.05344	0.00915424
1.05353	0.000462497
1.05354	-0.00822927
1.05345	-0.0169206
1.05328	-0.0256112
1.05303	-0.0343004
1.05269	-0.042988
1.05226	-0.0516734
1.05174	-0.0603563
1.05113	-0.0690362
1.05044	-0.0777126
1.04967	-0.0863852
1.0488	-0.0950535
1.04785	-0.103717
1.04682	-0.112375
1.04569	-0.121028
1.04448	-0.129675
1.04319	-0.138315
1.0418	-0.146948
1.04033	-0.155574
1.03878	-0.164192
1.03713	-0.172801
1.03541	-0.181402
1.03359	-0.189993
1.03169	-0.198575
1.02971	-0.207146
1.02764	-0.215707
1.02548	-0.224257
1.02324	-0.232795
1.02091	-0.241321
1.01849	-0.249834
1.016	-0.258334
1.01341	-0.26682
1.01074	-0.275293
1.00799	-0.28375
1.00515	-0.292193
1.00223	-0.300619
0.999226	-0.30903
0.996136	-0.317424
0.992962	-0.3258
0.989704	-0.334159
0.986362	-0.342499
0.982937	-0.35082
0.979429	-0.359122
0.975838	-0.367404
0.972164	-0.375665
0.968407	-0.383905
0.964568	-0.392123
0.960647	-0.400318
0.956644	-0.408491
0.952559	-0.41664
0.948392	-0.424765
0.944145	-0.432865
0.939816	-0.440939
0.935407	-0.448988
0.930917	-0.457009
0.926347	-0.465004
0.921697	-0.47297
0.916967	-0.480908
0.912158	-0.488816
0.90727	-0.496694
0.902303	-0.504542
0.897257	-0.512358
0.892134	-0.520142
0.886932	-0.527893
0.881654	-0.535611
0.876297	-0.543295
0.870864	-0.550944
0.865355	-0.558557
0.859769	-0.566134
0.854108	-0.573674
0.848371	-0.581176
0.84256	-0.588639
0.836673	-0.596064
0.830713	-0.603448
0.824678	-0.610791
0.81857	-0.618093
0.812389	-0.625352
0.806136	-0.632568
0.79981	-0.63974
0.793413	-0.646868
0.786944	-0.65395
0.780404	-0.660986
0.773795	-0.667974
0.767115	-0.674915
0.760366	-0.681807
0.753548	-0.688649
0.746661	-0.695441
0.739707	-0.702182
0.732685	-0.70887
0.725596	-0.715506
0.718441	-0.722088
0.71122	-0.728616
0.703934	-0.735088
0.696583	-0.741504
0.689168	-0.747863
0.68169	-0.754164
0.674148	-0.760406
0.666544	-0.766589
0.658878	-0.772711
0.651151	-0.778772
0.643363	-0.784771
0.635515	-0.790707
0.627608	-0.796579
0.619643	-0.802387
0.611619	-0.808129
0.603537	-0.813804
0.595399	-0.819413
0.587205	-0.824953
0.578956	-0.830424
0.570651	-0.835826
0.562293	-0.841158
0.553882	-0.846417
0.545417	-0.851605
0.536901	-0.85672
0.528334	-0.861761
0.519717	-0.866727
0.511049	-0.871618
0.502333	-0.876433
0.493569	-0.881171
0.484757	-0.885831
0.475899	-0.890412
0.466995	-0.894914
0.458046	-0.899336
0.449052	-0.903677
0.440015	-0.907937
0.430936	-0.912114
0.421815	-0.916208
0.412653	-0.920218
0.403451	-0.924144
0.394209	-0.927985
0.384929	-0.93174
0.375612	-0.935409
0.366258	-0.93899
0.356868	-0.942483
0.347443	-0.945888
0.337984	-0.949204
0.328492	-0.95243
0.318968	-0.955566
0.309412	-0.958611
0.299826	-0.961565
0.290211	-0.964426
0.280566	-0.967195
0.270894	-0.969871
0.261196	-0.972453
0.251471	-0.974942
0.241722	-0.977335
0.231948	-0.979634
0.222152	-0.981837
0.212334	-0.983945
0.202494	-0.985956
0.192635	-0.98787
0.182756	-0.989688
0.172859	-0.991408
0.162945	-0.99303
0.153015	-0.994554
0.143069	-0.99598
0.133109	-0.997307
0.123136	-0.998535
0.113151	-0.999665
0.103154	-1.00069
0.0931472	-1.00162
0.083131	-1.00245
0.0731065	-1.00319
0.0630746	-1.00382
0.0530364	-1.00435
0.042993	-1.00478
0.0329452	-1.0051
0.0228942	-1.00533
0.0128408	-1.00546
0.00278623	-1.00549
-0.00726867	-1.00542
-0.0173228	-1.00524
-0.0273753	-1.00497
-0.037425	-1.0046
-0.047471	-1.00412
-0.0575122	-1.00355
-0.0675476	-1.00287
-0.0775764	-1.0021
-0.0875973	-1.00122
-0.0976095	-1.00025
-0.107612	-0.999174
-0.117604	-0.998
-0.127584	-0.996728
-0.137551	-0.995357
-0.147505	-0.993887
-0.157443	-0.992319
-0.167367	-0.990653
-0.177273	-0.98889
-0.187162	-0.987029
-0.197032	-0.985071
-0.206883	-0.983017
-0.216713	-0.980867
-0.226522	-0.978621
-0.236308	-0.97628
-0.246071	-0.973844
-0.255809	-0.971314
-0.265523	-0.96869
-0.275209	-0.965972
-0.284869	-0.963162
-0.294501	-0.960259
-0.304103	-0.957265
-0.313676	-0.954179
-0.323218	-0.951003
-0.332728	-0.947737
-0.342205	-0.944381
-0.351649	-0.940937
-0.361058	-0.937404
-0.370432	-0.933784
-0.37977	-0.930077
-0.389071	-0.926284
-0.398334	-0.922405
-0.407558	-0.918441
-0.416742	-0.914393
-0.425886	-0.910262
-0.434989	-0.906048
-0.444049	-0.901752
-0.453067	-0.897375
-0.462041	-0.892917
-0.47097	-0.888379
-0.479854	-0.883763
-0.488691	-0.879068
-0.497482	-0.874296
-0.506225	-0.869447
-0.514919	-0.864523
-0.523565	-0.859523
-0.53216	-0.854449
-0.540704	-0.849302
-0.549197	-0.844081
-0.557638	-0.83879
-0.566026	-0.833427
-0.57436	-0.827994
-0.58264	-0.822492
-0.590865	-0.816921
-0.599034	-0.811282
-0.607147	-0.805577
-0.615203	-0.799806
-0.623201	-0.793969
-0.631141	-0.788069
-0.639021	-0.782105
-0.646842	-0.776078
-0.654603	-0.76999
-0.662303	-0.76384
-0.669941	-0.757631
-0.677518	-0.751362
-0.685031	-0.745035
-0.692482	-0.738651
-0.699868	-0.73221
-0.70719	-0.725713
-0.714447	-0.719161
-0.721639	-0.712554
-0.728765	-0.705895
-0.735824	-0.699183
-0.742815	-0.692419
-0.74974	-0.685605
-0.756596	-0.67874
-0.763383	-0.671827
-0.770101	-0.664864
-0.77675	-0.657855
-0.783328	-0.650798
-0.789836	-0.643696
-0.796273	-0.636548
-0.802639	-0.629357
-0.808932	-0.622121
-0.815154	-0.614843
-0.821302	-0.607522
-0.827377	-0.600161
-0.833379	-0.592759
-0.839307	-0.585317
-0.84516	-0.577836
-0.850938	-0.570317
-0.856641	-0.562761
-0.862269	-0.555168
-0.867821	-0.547538
-0.873296	-0.539874
-0.878695	-0.532175
-0.884016	-0.524442
-0.889261	-0.516676
-0.894428	-0.508877
-0.899516	-0.501047
-0.904527	-0.493186
-0.909459	-0.485294
-0.914312	-0.477373
-0.919085	-0.469422
-0.92378	-0.461443
-0.928394	-0.453437
-0.932928	-0.445403
-0.937382	-0.437343
-0.941756	-0.429257
-0.946048	-0.421146
-0.95026	-0.41301
-0.95439	-0.40485
-0.958438	-0.396668
-0.962405	-0.388462
-0.96629	-0.380234
-0.970092	-0.371985
-0.973812	-0.363714
-0.977449	-0.355424
-0.981003	-0.347113
-0.984474	-0.338783
-0.987862	-0.330435
-0.991167	-0.322068
-0.994387	-0.313684
-0.997524	-0.305282
-1.00058	-0.296865
-1.00355	-0.288431
-1.00643	-0.279982
-1.00923	-0.271517
-1.01194	-0.263039
-1.01458	-0.254546
-1.01712	-0.24604
-1.01958	-0.237521
-1.02196	-0.22899
-1.02425	-0.220447
-1.02645	-0.211892
-1.02857	-0.203326
-1.0306	-0.19475
-1.03255	-0.186164
-1.03441	-0.177569
-1.03619	-0.168964
-1.03788	-0.160351
-1.03948	-0.151729
-1.041	-0.1431
-1.04243	-0.134464
-1.04377	-0.125821
-1.04503	-0.117171
-1.0462	-0.108516
-1.04729	-0.0998554
-1.04829	-0.0911897
-1.0492	-0.0825194
-1.05002	-0.0738451
-1.05076	-0.0651671
-1.05141	-0.0564858
-1.05198	-0.0478017
-1.05246	-0.0391153
-1.05285	-0.0304269
-1.05315	-0.0217371
-1.05337	-0.0130461
-1.0535	-0.00435451
-1.05354	0.00433731
-1.0535	0.0130289
-1.05337	0.0217199
-1.05315	0.0304097
-1.05285	0.0390981
-1.05246	0.0477846
-1.05198	0.0564686
-1.05142	0.0651499
-1.05076	0.0738279
-1.05003	0.0825023
-1.0492	0.0911725
-1.04829	0.0998383
-1.04729	0.108499
-1.04621	0.117154
-1.04503	0.125804
-1.04378	0.134447
-1.04243	0.143083
-1.041	0.151712
-1.03948	0.160334
-1.03788	0.168947
-1.03619	0.177552
-1.03442	0.186147
-1.03255	0.194733
-1.03061	0.203309
-1.02857	0.211875
-1.02646	0.22043
-1.02425	0.228973
-1.02196	0.237504
-1.01959	0.246023
-1.01713	0.254529
-1.01458	0.263022
-1.01195	0.271501
-1.00924	0.279965
-1.00644	0.288414
-1.00355	0.296848
-1.00058	0.305266
-0.99753	0.313667
-0.994394	0.322051
-0.991173	0.330418
-0.987869	0.338767
-0.984481	0.347097
-0.98101	0.355407
-0.977456	0.363698
-0.973819	0.371968
-0.9701	0.380218
-0.966297	0.388446
-0.962413	0.396651
-0.958446	0.404834
-0.954398	0.412994
-0.950268	0.42113
-0.946057	0.429241
-0.941764	0.437327
-0.937391	0.445387
-0.932937	0.453421
-0.928403	0.461427
-0.923789	0.469406
-0.919095	0.477357
-0.914321	0.485278
-0.909468	0.49317
-0.904537	0.501031
-0.899526	0.508862
-0.894438	0.51666
-0.889271	0.524426
-0.884027	0.532159
-0.878705	0.539859
-0.873307	0.547523
-0.867831	0.555152
-0.86228	0.562746
-0.856652	0.570302
-0.850949	0.577821
-0.845171	0.585302
-0.839318	0.592744
-0.833391	0.600146
-0.827389	0.607508
-0.821314	0.614828
-0.815166	0.622107
-0.808945	0.629342
-0.802651	0.636534
-0.796286	0.643682
-0.789849	0.650784
-0.783341	0.657841
-0.776763	0.664851
-0.770115	0.671813
-0.763396	0.678727
-0.756609	0.685591
-0.749753	0.692406
-0.742829	0.69917
-0.735837	0.705882
-0.728779	0.712541
-0.721653	0.719147
-0.714462	0.7257
-0.707205	0.732197
-0.699883	0.738638
-0.692496	0.745023
-0.685046	0.75135
-0.677533	0.757618
-0.669957	0.763828
-0.662318	0.769977
-0.654618	0.776066
-0.646858	0.782093
-0.639037	0.788057
-0.631156	0.793958
-0.623217	0.799794
-0.615219	0.805566
-0.607163	0.811271
-0.59905	0.81691
-0.590881	0.822481
-0.582657	0.827983
-0.574377	0.833416
-0.566043	0.838779
-0.557655	0.844071
-0.549214	0.849291
-0.540721	0.854439
-0.532177	0.859513
-0.523582	0.864513
-0.514936	0.869438
-0.506242	0.874286
-0.497499	0.879059
-0.488709	0.883754
-0.479871	0.88837
-0.470987	0.892908
-0.462058	0.897366
-0.453085	0.901743
-0.444067	0.906039
-0.435007	0.910254
-0.425904	0.914385
-0.41676	0.918433
-0.407576	0.922397
-0.398352	0.926276
-0.389089	0.930069
-0.379789	0.933777
-0.370451	0.937397
-0.361077	0.94093
-0.351668	0.944374
-0.342224	0.94773
-0.332747	0.950997
-0.323237	0.954173
-0.313695	0.957259
-0.304122	0.960253
-0.29452	0.963156
-0.284888	0.965967
-0.275229	0.968684
-0.265542	0.971309
-0.255829	0.973839
-0.24609	0.976275
-0.236327	0.978617
-0.226541	0.980863
-0.216733	0.983013
-0.206903	0.985067
-0.197052	0.987025
-0.187182	0.988886
-0.177293	0.99065
-0.167386	0.992316
-0.157463	0.993884
-0.147524	0.995354
-0.137571	0.996725
-0.127603	0.997998
-0.117624	0.999171
-0.107632	1.00025
-0.0976293	1.00122
-0.0876171	1.0021
-0.0775962	1.00287
-0.0675675	1.00355
-0.057532	1.00412
-0.0474908	1.0046
-0.0374449	1.00497
-0.0273952	1.00524
-0.0173427	1.00542
-0.00728857	1.00549
0.00276633	1.00546
0.012821	1.00533
0.0228743	1.00511
0.0329254	1.00478
0.0429731	1.00435
0.0530166	1.00382
0.0630547	1.00319
0.0730866	1.00246
0.0831112	1.00163
0.0931274	1.0007
0.103134	0.999667
0.113131	0.998538
0.123116	0.99731
0.13309	0.995983
0.143049	0.994557
0.152995	0.993033
0.162925	0.991411
0.172839	0.989691
0.182736	0.987874
0.192615	0.98596
0.202475	0.983949
0.212314	0.981842
0.222133	0.979639
0.231929	0.97734
0.241702	0.974946
0.251452	0.972458
0.261176	0.969876
0.270875	0.9672
0.280547	0.964432
0.290191	0.96157
0.299807	0.958617
0.309393	0.955572
0.318949	0.952436
0.328473	0.94921
0.337966	0.945895
0.347424	0.94249
0.356849	0.938997
0.366239	0.935416
0.375593	0.931747
0.384911	0.927993
0.394191	0.924152
0.403432	0.920226
0.412635	0.916216
0.421797	0.912122
0.430918	0.907945
0.439998	0.903686
0.449034	0.899345
0.458028	0.894923
0.466977	0.890421
0.475881	0.88584
0.48474	0.88118
0.493551	0.876442
0.502316	0.871628
0.511032	0.866737
0.5197	0.861771
0.528317	0.85673
0.536885	0.851615
0.545401	0.846428
0.553865	0.841168
0.562277	0.835837
0.570635	0.830435
0.578939	0.824964
0.587189	0.819424
0.595383	0.813815
0.603521	0.80814
0.611603	0.802398
0.619627	0.796591
0.627593	0.790719
0.6355	0.784783
0.643348	0.778784
0.651136	0.772723
0.658863	0.766601
0.666529	0.760419
0.674133	0.754176
0.681675	0.747875
0.689153	0.741517
0.696569	0.735101
0.70392	0.728629
0.711206	0.722101
0.718427	0.715519
0.725582	0.708883
0.732671	0.702195
0.739693	0.695454
0.746647	0.688662
0.753534	0.68182
0.760352	0.674928
0.767102	0.667988
0.773781	0.660999
0.780391	0.653964
0.786931	0.646882
0.7934	0.639755
0.799797	0.632582
0.806123	0.625366
0.812377	0.618107
0.818558	0.610805
0.824666	0.603462
0.830701	0.596078
0.836661	0.588654
0.842548	0.581191
0.84836	0.573689
0.854097	0.566149
0.859758	0.558572
0.865344	0.550959
0.870854	0.54331
0.876287	0.535626
0.881643	0.527909
0.886922	0.520157
0.892124	0.512373
0.897247	0.504557
0.902293	0.49671
0.90726	0.488831
0.912148	0.480923
0.916958	0.472986
0.921687	0.465019
0.926338	0.457025
0.930908	0.449004
0.935398	0.440955
0.939807	0.432881
0.944136	0.424781
0.948384	0.416656
0.952551	0.408507
0.956636	0.400335
0.960639	0.392139
0.96456	0.383921
0.9684	0.375681
0.972156	0.36742
0.975831	0.359138
0.979422	0.350837
0.98293	0.342515
0.986356	0.334175
0.989697	0.325817
0.992956	0.31744
0.99613	0.309046
0.99922	0.300636
1.00223	0.292209
1.00515	0.283767
1.00799	0.275309
1.01074	0.266837
1.01341	0.258351
1.01599	0.249851
1.01849	0.241337
1.0209	0.232812
1.02323	0.224274
1.02547	0.215724
1.02763	0.207163
1.0297	0.198592
1.03169	0.19001
1.03359	0.181419
1.0354	0.172818
1.03713	0.164209
1.03877	0.155591
1.04033	0.146965
1.0418	0.138332
1.04318	0.129692
1.04448	0.121045
1.04569	0.112392
1.04681	0.103734
1.04785	0.0950706
1.0488	0.0864023
1.04967	0.0777298
1.05044	0.0690533
1.05113	0.0603735
1.05174	0.0516906
1.05225	0.0430052
1.05268	0.0343176
1.05303	0.0256284
1.05328	0.0169378
1.05345	0.00824647
1.05354	-0.0004453
1.05353	-0.00913705
1.05344	-0.0178283
1.05326	-0.0265188
1.053	-0.0352079
1.05264	-0.0438952
1.05221	-0.0525804
1.05168	-0.061263
1.05107	-0.0699425
1.05037	-0.0786186
1.04958	-0.0872907
1.04871	-0.0959585
1.04775	-0.104622
1.0467	-0.113279
1.04557	-0.121931
1.04435	-0.130577
1.04304	-0.139217
1.04165	-0.147849
1.04017	-0.156474
1.03861	-0.165091
1.03696	-0.1737
1.03522	-0.182299
1.0334	-0.19089
1.03149	-0.199471
1.02949	-0.208041
1.02741	-0.216601
1.02525	-0.225149
1.023	-0.233686
1.02066	-0.24221
1.01824	-0.250722
1.01573	-0.259221
1.01314	-0.267706
1.01046	-0.276177
1.0077	-0.284633
1.00485	-0.293073
1.00192	-0.301499
0.998908	-0.309907
0.995809	-0.318299
0.992626	-0.326674
0.989359	-0.335031
0.986008	-0.343369
0.982575	-0.351688
0.979058	-0.359988
0.975458	-0.368268
0.971775	-0.376526
0.96801	-0.384764
0.964162	-0.39298
0.960233	-0.401173
0.956221	-0.409343
0.952127	-0.41749
0.947953	-0.425612
0.943696	-0.433709
0.939359	-0.441781
0.934942	-0.449827
0.930443	-0.457846
0.925865	-0.465837
0.921206	-0.4738
0.916468	-0.481735
0.911651	-0.48964
0.906755	-0.497515
0.90178	-0.505359
0.896726	-0.513172
0.891594	-0.520953
0.886385	-0.528701
0.881098	-0.536415
0.875734	-0.544095
0.870293	-0.551741
0.864775	-0.55935
0.859182	-0.566923
0.853512	-0.574459
0.847768	-0.581957
0.841948	-0.589417
0.836054	-0.596837
0.830086	-0.604217
0.824044	-0.611556
0.817928	-0.618853
0.81174	-0.626108
0.805478	-0.633319
0.799145	-0.640487
0.79274	-0.64761
0.786264	-0.654687
0.779717	-0.661718
0.7731	-0.668701
0.766413	-0.675637
0.759657	-0.682524
0.752832	-0.689361
0.745938	-0.696147
0.738977	-0.702883
0.731948	-0.709566
0.724852	-0.716196
0.71769	-0.722772
0.710462	-0.729294
0.703169	-0.735761
0.695812	-0.742171
0.68839	-0.748524
0.680905	-0.754819
0.673357	-0.761055
0.665746	-0.767231
0.658074	-0.773347
0.65034	-0.779402
0.642546	-0.785394
0.634692	-0.791323
0.626779	-0.797189
0.618807	-0.802989
0.610777	-0.808725
0.60269	-0.814393
0.594546	-0.819994
0.586346	-0.825528
0.578091	-0.830992
0.569781	-0.836386
0.561417	-0.84171
0.553	-0.846963
0.54453	-0.852143
0.536009	-0.85725
0.527437	-0.862283
0.518814	-0.867242
0.510141	-0.872125
0.50142	-0.876931
0.492651	-0.881661
0.483834	-0.886313
0.474971	-0.890886
0.466062	-0.89538
0.457108	-0.899793
0.44811	-0.904126
0.439069	-0.908377
0.429985	-0.912545
0.42086	-0.916631
0.411694	-0.920632
0.402487	-0.92455
0.393242	-0.928381
0.383958	-0.932127
0.374637	-0.935787
0.365279	-0.939359
0.355885	-0.942843
0.346457	-0.946239
0.336994	-0.949545
0.327499	-0.952762
0.317971	-0.955888
0.308412	-0.958924
0.298823	-0.961868
0.289205	-0.96472
0.279557	-0.967479
0.269883	-0.970145
0.260181	-0.972718
0.250454	-0.975196
0.240702	-0.97758
0.230926	-0.979869
0.221128	-0.982062
0.211307	-0.984159
0.201465	-0.98616
0.191604	-0.988065
0.181723	-0.989872
0.171824	-0.991582
0.161909	-0.993194
0.151977	-0.994708
0.142029	-0.996123
0.132068	-0.99744
0.122094	-0.998658
0.112107	-0.999777
0.10211	-1.0008
0.0921015	-1.00172
0.0820844	-1.00254
0.072059	-1.00326
0.0620265	-1.00388
0.0519877	-1.0044
0.0419438	-1.00481
0.0318956	-1.00513
0.0218443	-1.00535
0.0117908	-1.00547
0.00173606	-1.00549
-0.00831881	-1.0054
-0.0183728	-1.00522
-0.028425	-1.00494
-0.0384744	-1.00455
-0.0485199	-1.00407
-0.0585606	-1.00348
-0.0685954	-1.0028
-0.0786234	-1.00201
-0.0886435	-1.00112
-0.0986547	-1.00014
-0.108656	-0.999056
-0.118647	-0.997872
-0.128625	-0.996589
-0.138591	-0.995208
-0.148543	-0.993728
-0.158481	-0.99215
-0.168402	-0.990473
-0.178307	-0.9887
-0.188194	-0.986829
-0.198062	-0.984861
-0.207911	-0.982797
-0.217739	-0.980637
-0.227545	-0.978381
-0.237329	-0.97603
-0.247089	-0.973584
-0.256825	-0.971044
-0.266535	-0.96841
-0.27622	-0.965683
-0.285876	-0.962863
-0.295505	-0.959951
-0.305105	-0.956947
-0.314674	-0.953852
-0.324213	-0.950666
-0.333719	-0.947391
-0.343193	-0.944026
-0.352633	-0.940572
-0.362039	-0.93703
-0.371409	-0.933401
-0.380743	-0.929685
-0.39004	-0.925882
-0.399299	-0.921995
-0.408519	-0.918022
-0.417699	-0.913966
-0.426839	-0.909826
-0.435937	-0.905603
-0.444993	-0.901298
-0.454006	-0.896913
-0.462975	-0.892447
-0.4719	-0.887901
-0.480779	-0.883276
-0.489612	-0.878573
-0.498397	-0.873793
-0.507135	-0.868936
-0.515825	-0.864004
-0.524465	-0.858996
-0.533055	-0.853915
-0.541594	-0.84876
-0.550081	-0.843532
-0.558517	-0.838233
-0.566899	-0.832863
-0.575228	-0.827422
-0.583502	-0.821913
-0.591721	-0.816335
-0.599884	-0.81069
-0.607991	-0.804977
-0.616041	-0.799199
-0.624033	-0.793356
-0.631967	-0.787449
-0.639841	-0.781478
-0.647656	-0.775445
-0.65541	-0.76935
-0.663104	-0.763194
-0.670736	-0.756979
-0.678305	-0.750704
-0.685812	-0.744371
-0.693256	-0.737981
-0.700636	-0.731534
-0.707951	-0.725031
-0.715202	-0.718473
-0.722386	-0.711861
-0.729505	-0.705196
-0.736557	-0.698479
-0.743542	-0.69171
-0.750459	-0.68489
-0.757308	-0.67802
-0.764088	-0.671102
-0.770799	-0.664135
-0.77744	-0.65712
-0.784012	-0.650059
-0.790512	-0.642952
-0.796942	-0.635799
-0.8033	-0.628603
-0.809586	-0.621363
-0.815799	-0.61408
-0.82194	-0.606755
-0.828008	-0.59939
-0.834002	-0.591983
-0.839921	-0.584537
-0.845767	-0.577053
-0.851537	-0.56953
-0.857233	-0.561969
-0.862852	-0.554372
-0.868396	-0.546739
-0.873863	-0.539071
-0.879254	-0.531369
-0.884568	-0.523632
-0.889804	-0.515863
-0.894963	-0.508061
-0.900043	-0.500227
-0.905046	-0.492363
-0.909969	-0.484468
-0.914814	-0.476543
-0.919579	-0.46859
-0.924265	-0.460608
-0.928871	-0.452599
-0.933397	-0.444562
-0.937843	-0.436499
-0.942208	-0.428411
-0.946492	-0.420297
-0.950695	-0.412159
-0.954817	-0.403997
-0.958857	-0.395812
-0.962815	-0.387604
-0.966691	-0.379373
-0.970484	-0.371122
-0.974196	-0.362849
-0.977824	-0.354557
-0.98137	-0.346244
-0.984832	-0.337912
-0.988211	-0.329562
-0.991507	-0.321193
-0.994719	-0.312807
-0.997847	-0.304404
-1.00089	-0.295985
-1.00385	-0.287549
-1.00673	-0.279098
-1.00952	-0.270632
-1.01222	-0.262152
-1.01485	-0.253658
-1.01738	-0.245151
-1.01983	-0.236631
-1.0222	-0.228098
-1.02448	-0.219554
-1.02668	-0.210998
-1.02879	-0.202431
-1.03081	-0.193854
-1.03275	-0.185267
