0	1
0.01	0.998902
0.02	0.997705
0.03	0.996409
0.04	0.995014
0.05	0.993521
0.06	0.99193
0.07	0.990241
0.08	0.988454
0.09	0.98657
0.1	0.984589
0.11	0.982512
0.12	0.980339
0.13	0.97807
0.14	0.975707
0.15	0.973248
0.16	0.970695
0.17	0.968049
0.18	0.965309
0.19	0.962477
0.2	0.959552
0.21	0.956536
0.22	0.953429
0.23	0.950231
0.24	0.946943
0.25	0.943566
0.26	0.940101
0.27	0.936547
0.28	0.932906
0.29	0.929178
0.3	0.925365
0.31	0.921465
0.32	0.917482
0.33	0.913414
0.34	0.909263
0.35	0.905029
0.36	0.900714
0.37	0.896317
0.38	0.89184
0.39	0.887284
0.4	0.882648
0.41	0.877935
0.42	0.873145
0.43	0.868278
0.44	0.863335
0.45	0.858317
0.46	0.853226
0.47	0.848061
0.48	0.842824
0.49	0.837515
0.5	0.832135
0.51	0.826686
0.52	0.821167
0.53	0.81558
0.54	0.809925
0.55	0.804204
0.56	0.798417
0.57	0.792566
0.58	0.78665
0.59	0.780671
0.6	0.774629
0.61	0.768526
0.62	0.762362
0.63	0.756139
0.64	0.749856
0.65	0.743515
0.66	0.737117
0.67	0.730662
0.68	0.724152
0.69	0.717587
0.7	0.710968
0.71	0.704296
0.72	0.697572
0.73	0.690796
0.74	0.683969
0.75	0.677093
0.76	0.670168
0.77	0.663194
0.78	0.656173
0.79	0.649106
0.8	0.641993
0.81	0.634834
0.82	0.627632
0.83	0.620386
0.84	0.613098
0.85	0.605768
0.86	0.598396
0.87	0.590985
0.88	0.583533
0.89	0.576043
0.9	0.568515
0.91	0.56095
0.92	0.553348
0.93	0.54571
0.94	0.538038
0.95	0.53033
0.96	0.52259
0.97	0.514816
0.98	0.50701
0.99	0.499172
1	0.491303
1.01	0.483404
1.02	0.475476
1.03	0.467518
1.04	0.459533
1.05	0.45152
1.06	0.44348
1.07	0.435413
1.08	0.427321
1.09	0.419204
1.1	0.411063
1.11	0.402898
1.12	0.394709
1.13	0.386498
1.14	0.378265
1.15	0.370011
1.16	0.361736
1.17	0.35344
1.18	0.345125
1.19	0.33679
1.2	0.328438
1.21	0.320067
1.22	0.311678
1.23	0.303273
1.24	0.294851
1.25	0.286414
1.26	0.277961
1.27	0.269493
1.28	0.261011
1.29	0.252515
1.3	0.244006
1.31	0.235484
1.32	0.22695
1.33	0.218404
1.34	0.209847
1.35	0.201279
1.36	0.1927
1.37	0.184112
1.38	0.175514
1.39	0.166907
1.4	0.158292
1.41	0.149669
1.42	0.141038
1.43	0.1324
1.44	0.123755
1.45	0.115104
1.46	0.106448
1.47	0.0977856
1.48	0.0891188
1.49	0.0804476
1.5	0.0717723
1.51	0.0630934
1.52	0.0544115
1.53	0.0457268
1.54	0.0370399
1.55	0.0283511
1.56	0.0196609
1.57	0.0109698
1.58	0.00227809
1.59	-0.00641371
1.6	-0.0151052
1.61	-0.0237959
1.62	-0.0324855
1.63	-0.0411734
1.64	-0.0498594
1.65	-0.0585428
1.66	-0.0672233
1.67	-0.0759005
1.68	-0.0845739
1.69	-0.0932432
1.7	-0.101908
1.71	-0.110567
1.72	-0.119221
1.73	-0.127869
1.74	-0.136511
1.75	-0.145145
1.76	-0.153773
1.77	-0.162392
1.78	-0.171003
1.79	-0.179606
1.8	-0.188199
1.81	-0.196783
1.82	-0.205357
1.83	-0.21392
1.84	-0.222472
1.85	-0.231012
1.86	-0.239541
1.87	-0.248057
1.88	-0.256559
1.89	-0.265049
1.9	-0.273524
1.91	-0.281985
1.92	-0.29043
1.93	-0.29886
1.94	-0.307274
1.95	-0.315672
1.96	-0.324052
1.97	-0.332414
1.98	-0.340758
1.99	-0.349084
2	-0.35739
2.01	-0.365676
2.02	-0.373941
2.03	-0.382185
2.04	-0.390408
2.05	-0.398608
2.06	-0.406786
2.07	-0.41494
2.08	-0.42307
2.09	-0.431175
2.1	-0.439255
2.11	-0.447309
2.12	-0.455336
2.13	-0.463336
2.14	-0.471308
2.15	-0.479252
2.16	-0.487166
2.17	-0.495051
2.18	-0.502905
2.19	-0.510728
2.2	-0.518519
2.21	-0.526277
2.22	-0.534002
2.23	-0.541693
2.24	-0.549349
2.25	-0.55697
2.26	-0.564554
2.27	-0.572102
2.28	-0.579612
2.29	-0.587084
2.3	-0.594516
2.31	-0.601909
2.32	-0.60926
2.33	-0.616571
2.34	-0.623839
2.35	-0.631064
2.36	-0.638246
2.37	-0.645383
2.38	-0.652474
2.39	-0.65952
2.4	-0.666518
2.41	-0.673469
2.42	-0.680371
2.43	-0.687224
2.44	-0.694026
2.45	-0.700778
2.46	-0.707477
2.47	-0.714124
2.48	-0.720718
2.49	-0.727257
2.5	-0.733741
2.51	-0.740168
2.52	-0.746539
2.53	-0.752853
2.54	-0.759107
2.55	-0.765303
2.56	-0.771437
2.57	-0.777511
2.58	-0.783523
2.59	-0.789472
2.6	-0.795358
2.61	-0.801179
2.62	-0.806935
2.63	-0.812624
2.64	-0.818247
2.65	-0.823801
2.66	-0.829287
2.67	-0.834704
2.68	-0.84005
2.69	-0.845325
2.7	-0.850528
2.71	-0.855658
2.72	-0.860714
2.73	-0.865696
2.74	-0.870603
2.75	-0.875434
2.76	-0.880187
2.77	-0.884864
2.78	-0.889462
2.79	-0.89398
2.8	-0.898419
2.81	-0.902777
2.82	-0.907054
2.83	-0.911248
2.84	-0.91536
2.85	-0.919388
2.86	-0.923331
2.87	-0.92719
2.88	-0.930963
2.89	-0.934649
2.9	-0.938249
2.91	-0.941761
2.92	-0.945184
2.93	-0.948519
2.94	-0.951764
2.95	-0.954918
2.96	-0.957982
2.97	-0.960955
2.98	-0.963836
2.99	-0.966624
3	-0.96932
3.01	-0.971922
3.02	-0.97443
3.03	-0.976843
3.04	-0.979162
3.05	-0.981385
3.06	-0.983513
3.07	-0.985544
3.08	-0.987479
3.09	-0.989316
3.1	-0.991057
3.11	-0.992699
3.12	-0.994244
3.13	-0.99569
3.14	-0.997038
3.15	-0.998287
3.16	-0.999437
3.17	-1.00049
3.18	-1.00144
3.19	-1.00229
3.2	-1.00304
3.21	-1.00369
3.22	-1.00424
3.23	-1.00469
3.24	-1.00504
3.25	-1.00529
3.26	-1.00544
3.27	-1.00549
3.28	-1.00544
3.29	-1.00529
3.3	-1.00504
3.31	-1.00468
3.32	-1.00423
3.33	-1.00368
3.34	-1.00302
3.35	-1.00227
3.36	-1.00141
3.37	-1.00046
3.38	-0.999406
3.39	-0.998253
3.4	-0.997002
3.41	-0.995651
3.42	-0.994202
3.43	-0.992655
3.44	-0.991009
3.45	-0.989266
3.46	-0.987426
3.47	-0.985488
3.48	-0.983454
3.49	-0.981324
3.5	-0.979098
3.51	-0.976777
3.52	-0.974361
3.53	-0.97185
3.54	-0.969245
3.55	-0.966547
3.56	-0.963756
3.57	-0.960873
3.58	-0.957898
3.59	-0.954831
3.6	-0.951674
3.61	-0.948426
3.62	-0.945089
3.63	-0.941663
3.64	-0.938149
3.65	-0.934547
3.66	-0.930858
3.67	-0.927083
3.68	-0.923222
3.69	-0.919276
3.7	-0.915246
3.71	-0.911132
3.72	-0.906935
3.73	-0.902656
3.74	-0.898296
3.75	-0.893855
3.76	-0.889334
3.77	-0.884734
3.78	-0.880055
3.79	-0.875299
3.8	-0.870466
3.81	-0.865557
3.82	-0.860573
3.83	-0.855515
3.84	-0.850383
3.85	-0.845178
3.86	-0.839901
3.87	-0.834553
3.88	-0.829134
3.89	-0.823647
3.9	-0.81809
3.91	-0.812466
3.92	-0.806774
3.93	-0.801017
3.94	-0.795194
3.95	-0.789307
3.96	-0.783356
3.97	-0.777342
3.98	-0.771266
3.99	-0.76513
4	-0.758933
4.01	-0.752676
4.02	-0.746362
4.03	-0.739989
4.04	-0.73356
4.05	-0.727074
4.06	-0.720534
4.07	-0.713939
4.08	-0.70729
4.09	-0.700589
4.1	-0.693836
4.11	-0.687032
4.12	-0.680178
4.13	-0.673275
4.14	-0.666323
4.15	-0.659323
4.16	-0.652276
4.17	-0.645183
4.18	-0.638045
4.19	-0.630862
4.2	-0.623636
4.21	-0.616367
4.22	-0.609055
4.23	-0.601702
4.24	-0.594308
4.25	-0.586875
4.26	-0.579402
4.27	-0.571891
4.28	-0.564342
4.29	-0.556757
4.3	-0.549135
4.31	-0.541478
4.32	-0.533786
4.33	-0.52606
4.34	-0.518301
4.35	-0.510509
4.36	-0.502685
4.37	-0.49483
4.38	-0.486945
4.39	-0.47903
4.4	-0.471085
4.41	-0.463112
4.42	-0.455111
4.43	-0.447083
4.44	-0.439029
4.45	-0.430948
4.46	-0.422842
4.47	-0.414712
4.48	-0.406557
4.49	-0.398379
4.5	-0.390178
4.51	-0.381955
4.52	-0.37371
4.53	-0.365444
4.54	-0.357157
4.55	-0.348851
4.56	-0.340525
4.57	-0.33218
4.58	-0.323817
4.59	-0.315437
4.6	-0.307039
4.61	-0.298624
4.62	-0.290194
4.63	-0.281748
4.64	-0.273287
4.65	-0.264811
4.66	-0.256321
4.67	-0.247818
4.68	-0.239302
4.69	-0.230773
4.7	-0.222232
4.71	-0.21368
4.72	-0.205117
4.73	-0.196543
4.74	-0.187959
4.75	-0.179365
4.76	-0.170762
4.77	-0.162151
4.78	-0.153531
4.79	-0.144903
4.8	-0.136268
4.81	-0.127627
4.82	-0.118979
4.83	-0.110325
4.84	-0.101665
4.85	-0.0930002
4.86	-0.0843309
4.87	-0.0756574
4.88	-0.0669801
4.89	-0.0582994
4.9	-0.0496159
4.91	-0.0409299
4.92	-0.0322419
4.93	-0.0235523
4.94	-0.0148616
4.95	-0.00617008
4.96	0.00252172
4.97	0.0112134
4.98	0.0199045
4.99	0.0285947
5	0.0372834
5.01	0.0459703
5.02	0.0546549
5.03	0.0633368
5.04	0.0720155
5.05	0.0806907
5.06	0.0893618
5.07	0.0980285
5.08	0.10669
5.09	0.115347
5.1	0.123997
5.11	0.132642
5.12	0.14128
5.13	0.14991
5.14	0.158533
5.15	0.167148
5.16	0.175755
5.17	0.184353
5.18	0.192941
5.19	0.201519
5.2	0.210087
5.21	0.218644
5.22	0.227189
5.23	0.235723
5.24	0.244245
5.25	0.252754
5.26	0.261249
5.27	0.269731
5.28	0.278198
5.29	0.28665
5.3	0.295088
5.31	0.303509
5.32	0.311914
5.33	0.320302
5.34	0.328672
5.35	0.337024
5.36	0.345358
5.37	0.353673
5.38	0.361968
5.39	0.370242
5.4	0.378496
5.41	0.386729
5.42	0.394939
5.43	0.403127
5.44	0.411292
5.45	0.419432
5.46	0.427549
5.47	0.43564
5.48	0.443706
5.49	0.451745
5.5	0.459757
5.51	0.467742
5.52	0.475698
5.53	0.483626
5.54	0.491524
5.55	0.499392
5.56	0.507229
5.57	0.515034
5.58	0.522807
5.59	0.530547
5.6	0.538253
5.61	0.545925
5.62	0.553562
5.63	0.561163
5.64	0.568727
5.65	0.576254
5.66	0.583743
5.67	0.591193
5.68	0.598603
5.69	0.605974
5.7	0.613303
5.71	0.62059
5.72	0.627834
5.73	0.635036
5.74	0.642193
5.75	0.649305
5.76	0.656371
5.77	0.66339
5.78	0.670363
5.79	0.677286
5.8	0.684161
5.81	0.690987
5.82	0.697761
5.83	0.704484
5.84	0.711155
5.85	0.717772
5.86	0.724335
5.87	0.730844
5.88	0.737297
5.89	0.743694
5.9	0.750033
5.91	0.756314
5.92	0.762536
5.93	0.768698
5.94	0.774799
5.95	0.780839
5.96	0.786816
5.97	0.792731
5.98	0.798581
5.99	0.804366
6	0.810085
6.01	0.815737
6.02	0.821323
6.03	0.826839
6.04	0.832287
6.05	0.837665
6.06	0.842972
6.07	0.848207
6.08	0.85337
6.09	0.858459
6.1	0.863475
6.11	0.868415
6.12	0.87328
6.13	0.878068
6.14	0.882779
6.15	0.887412
6.16	0.891967
6.17	0.896441
6.18	0.900836
6.19	0.905149
6.2	0.90938
6.21	0.913529
6.22	0.917594
6.23	0.921576
6.24	0.925473
6.25	0.929284
6.26	0.933009
6.27	0.936648
6.28	0.940199
6.29	0.943662
6.3	0.947037
6.31	0.950322
6.32	0.953517
6.33	0.956622
6.34	0.959635
6.35	0.962557
6.36	0.965387
6.37	0.968124
6.38	0.970768
6.39	0.973318
6.4	0.975774
6.41	0.978135
6.42	0.980401
6.43	0.982572
6.44	0.984646
6.45	0.986624
6.46	0.988505
6.47	0.990289
6.48	0.991976
6.49	0.993564
6.5	0.995055
6.51	0.996447
6.52	0.99774
6.53	0.998934
6.54	1.00003
6.55	1.00102
6.56	1.00192
6.57	1.00272
6.58	1.00341
6.59	1.00401
6.6	1.0045
6.61	1.0049
6.62	1.00519
6.63	1.00539
6.64	1.00548
6.65	1.00548
6.66	1.00537
6.67	1.00516
6.68	1.00485
6.69	1.00444
6.7	1.00394
6.71	1.00333
6.72	1.00262
6.73	1.00181
6.74	1.0009
6.75	0.99989
6.76	0.998782
6.77	0.997574
6.78	0.996268
6.79	0.994863
6.8	0.99336
6.81	0.991758
6.82	0.990059
6.83	0.988262
6.84	0.986368
6.85	0.984377
6.86	0.98229
6.87	0.980107
6.88	0.977828
6.89	0.975454
6.9	0.972986
6.91	0.970423
6.92	0.967767
6.93	0.965018
6.94	0.962176
6.95	0.959241
6.96	0.956216
6.97	0.953099
6.98	0.949892
6.99	0.946595
7	0.943209
7.01	0.939734
7.02	0.936171
7.03	0.932521
7.04	0.928784
7.05	0.924961
7.06	0.921053
7.07	0.917061
7.08	0.912984
7.09	0.908824
7.1	0.904582
7.11	0.900258
7.12	0.895853
7.13	0.891368
7.14	0.886803
7.15	0.88216
7.16	0.877438
7.17	0.87264
7.18	0.867765
7.19	0.862814
7.2	0.857789
7.21	0.85269
7.22	0.847517
7.23	0.842273
7.24	0.836956
7.25	0.831569
7.26	0.826112
7.27	0.820587
7.28	0.814992
7.29	0.809331
7.3	0.803603
7.31	0.797809
7.32	0.791951
7.33	0.786028
7.34	0.780042
7.35	0.773994
7.36	0.767885
7.37	0.761715
7.38	0.755485
7.39	0.749196
7.4	0.74285
7.41	0.736446
7.42	0.729985
7.43	0.723469
7.44	0.716898
7.45	0.710274
7.46	0.703596
7.47	0.696866
7.48	0.690085
7.49	0.683254
7.5	0.676372
7.51	0.669442
7.52	0.662463
7.53	0.655437
7.54	0.648365
7.55	0.641247
7.56	0.634084
7.57	0.626877
7.58	0.619627
7.59	0.612334
7.6	0.605
7.61	0.597624
7.62	0.590208
7.63	0.582753
7.64	0.575259
7.65	0.567727
7.66	0.560158
7.67	0.552552
7.68	0.544911
7.69	0.537234
7.7	0.529524
7.71	0.521779
7.72	0.514002
7.73	0.506192
7.74	0.498351
7.75	0.49048
7.76	0.482578
7.77	0.474646
7.78	0.466686
7.79	0.458697
7.8	0.450681
7.81	0.442639
7.82	0.434569
7.83	0.426475
7.84	0.418355
7.85	0.410211
7.86	0.402044
7.87	0.393853
7.88	0.385639
7.89	0.377404
7.9	0.369147
7.91	0.36087
7.92	0.352572
7.93	0.344255
7.94	0.335919
7.95	0.327564
7.96	0.319191
7.97	0.310801
7.98	0.302394
7.99	0.293971
8	0.285532
8.01	0.277077
8.02	0.268608
8.03	0.260124
8.04	0.251627
8.05	0.243117
8.06	0.234594
8.07	0.226058
8.08	0.217511
8.09	0.208952
8.1	0.200383
8.11	0.191804
8.12	0.183214
8.13	0.174615
8.14	0.166008
8.15	0.157392
8.16	0.148767
8.17	0.140136
8.18	0.131497
8.19	0.122852
8.2	0.1142
8.21	0.105543
8.22	0.0968807
8.23	0.0882134
8.24	0.0795417
8.25	0.070866
8.26	0.0621868
8.27	0.0535045
8.28	0.0448196
8.29	0.0361325
8.3	0.0274435
8.31	0.0187532
8.32	0.010062
8.33	0.00137029
8.34	-0.00732149
8.35	-0.0160129
8.36	-0.0247036
8.37	-0.033393
8.38	-0.0420807
8.39	-0.0507664
8.4	-0.0594496
8.41	-0.0681298
8.42	-0.0768066
8.43	-0.0854796
8.44	-0.0941483
8.45	-0.102812
8.46	-0.111471
8.47	-0.120125
8.48	-0.128772
8.49	-0.137413
8.5	-0.146047
8.51	-0.154673
8.52	-0.163292
8.53	-0.171902
8.54	-0.180504
8.55	-0.189096
8.56	-0.197679
8.57	-0.206252
8.58	-0.214814
8.59	-0.223364
8.6	-0.231904
8.61	-0.240431
8.62	-0.248945
8.63	-0.257447
8.64	-0.265935
8.65	-0.274408
8.66	-0.282867
8.67	-0.291312
8.68	-0.29974
8.69	-0.308152
8.7	-0.316548
8.71	-0.324926
8.72	-0.333287
8.73	-0.341629
8.74	-0.349952
8.75	-0.358256
8.76	-0.36654
8.77	-0.374803
8.78	-0.383045
8.79	-0.391265
8.8	-0.399463
8.81	-0.407638
8.82	-0.41579
8.83	-0.423917
8.84	-0.43202
8.85	-0.440097
8.86	-0.448148
8.87	-0.456173
8.88	-0.46417
8.89	-0.472139
8.9	-0.48008
8.91	-0.487991
8.92	-0.495873
8.93	-0.503723
8.94	-0.511543
8.95	-0.51933
8.96	-0.527085
8.97	-0.534807
8.98	-0.542494
8.99	-0.550147
9	-0.557764
9.01	-0.565344
9.02	-0.572888
9.03	-0.580394
9.04	-0.587862
9.05	-0.59529
9.06	-0.602678
9.07	-0.610026
9.08	-0.617332
9.09	-0.624596
9.1	-0.631817
9.11	-0.638993
9.12	-0.646126
9.13	-0.653212
9.14	-0.660253
9.15	-0.667246
9.16	-0.674192
9.17	-0.681089
9.18	-0.687937
9.19	-0.694734
9.2	-0.70148
9.21	-0.708174
9.22	-0.714815
9.23	-0.721403
9.24	-0.727937
9.25	-0.734415
9.26	-0.740837
9.27	-0.747201
9.28	-0.753509
9.29	-0.759757
9.3	-0.765946
9.31	-0.772075
9.32	-0.778142
9.33	-0.784148
9.34	-0.79009
9.35	-0.795969
9.36	-0.801783
9.37	-0.807532
9.38	-0.813215
9.39	-0.81883
9.4	-0.824378
9.41	-0.829856
9.42	-0.835265
9.43	-0.840604
9.44	-0.845871
9.45	-0.851067
9.46	-0.856189
9.47	-0.861238
9.48	-0.866212
9.49	-0.871111
9.5	-0.875934
9.51	-0.880679
9.52	-0.885348
9.53	-0.889937
9.54	-0.894448
9.55	-0.898878
9.56	-0.903228
9.57	-0.907496
9.58	-0.911681
9.59	-0.915784
9.6	-0.919804
9.61	-0.923738
9.62	-0.927588
9.63	-0.931352
9.64	-0.935029
9.65	-0.93862
9.66	-0.942122
9.67	-0.945537
9.68	-0.948862
9.69	-0.952097
9.7	-0.955243
9.71	-0.958297
9.72	-0.96126
9.73	-0.964132
9.74	-0.96691
9.75	-0.969596
9.76	-0.972188
9.77	-0.974686
9.78	-0.97709
9.79	-0.979399
9.8	-0.981612
9.81	-0.983729
9.82	-0.98575
9.83	-0.987675
9.84	-0.989503
9.85	-0.991233
9.86	-0.992865
9.87	-0.9944
9.88	-0.995836
9.89	-0.997173
9.9	-0.998412
9.91	-0.999551
9.92	-1.00059
9.93	-1.00153
9.94	-1.00237
9.95	-1.00311
9.96	-1.00375
9.97	-1.00429
9.98	-1.00474
9.99	-1.00508
10	-1.00531
10.01	-1.00545
10.02	-1.00549
10.03	-1.00543
10.04	-1.00527
10.05	-1.005
10.06	-1.00464
10.07	-1.00418
10.08	-1.00361
10.09	-1.00295
10.1	-1.00218
10.11	-1.00132
10.12	-1.00035
10.13	-0.99929
10.14	-0.998127
10.15	-0.996865
10.16	-0.995504
10.17	-0.994045
10.18	-0.992487
10.19	-0.990832
10.2	-0.989078
10.21	-0.987228
10.22	-0.98528
10.23	-0.983236
10.24	-0.981096
10.25	-0.97886
10.26	-0.976529
10.27	-0.974103
10.28	-0.971582
10.29	-0.968968
10.3	-0.96626
10.31	-0.96346
10.32	-0.960567
10.33	-0.957582
10.34	-0.954506
10.35	-0.951339
10.36	-0.948082
10.37	-0.944736
10.38	-0.941301
10.39	-0.937777
10.4	-0.934166
10.41	-0.930468
10.42	-0.926684
10.43	-0.922814
10.44	-0.918859
10.45	-0.91482
10.46	-0.910697
10.47	-0.906492
10.48	-0.902204
10.49	-0.897836
10.5	-0.893386
10.51	-0.888857
10.52	-0.884249
10.53	-0.879562
10.54	-0.874798
10.55	-0.869957
10.56	-0.86504
10.57	-0.860049
10.58	-0.854982
10.59	-0.849843
10.6	-0.84463
10.61	-0.839346
10.62	-0.83399
10.63	-0.828565
10.64	-0.823069
10.65	-0.817506
10.66	-0.811874
10.67	-0.806176
10.68	-0.800412
10.69	-0.794582
10.7	-0.788688
10.71	-0.782731
10.72	-0.77671
10.73	-0.770628
10.74	-0.764485
10.75	-0.758282
10.76	-0.75202
10.77	-0.745699
10.78	-0.73932
10.79	-0.732885
10.8	-0.726394
10.81	-0.719847
10.82	-0.713247
10.83	-0.706593
10.84	-0.699886
10.85	-0.693128
10.86	-0.686319
10.87	-0.67946
10.88	-0.672551
10.89	-0.665594
10.9	-0.658589
10.91	-0.651538
10.92	-0.64444
10.93	-0.637297
10.94	-0.63011
10.95	-0.622879
10.96	-0.615605
10.97	-0.608289
10.98	-0.600932
10.99	-0.593534
11	-0.586096
11.01	-0.578619
11.02	-0.571104
11.03	-0.563552
11.04	-0.555962
11.05	-0.548337
11.06	-0.540676
11.07	-0.53298
11.08	-0.525251
11.09	-0.517488
11.1	-0.509693
11.11	-0.501866
11.12	-0.494008
11.13	-0.48612
11.14	-0.478201
11.15	-0.470254
11.16	-0.462278
11.17	-0.454274
11.18	-0.446243
11.19	-0.438186
11.2	-0.430103
11.21	-0.421994
11.22	-0.413861
11.23	-0.405704
11.24	-0.397523
11.25	-0.38932
11.26	-0.381094
11.27	-0.372847
11.28	-0.364579
11.29	-0.35629
11.3	-0.347982
11.31	-0.339654
11.32	-0.331307
11.33	-0.322943
11.34	-0.31456
11.35	-0.306161
11.36	-0.297745
11.37	-0.289312
11.38	-0.280865
11.39	-0.272402
11.4	-0.263925
11.41	-0.255434
11.42	-0.246929
11.43	-0.238412
11.44	-0.229882
11.45	-0.22134
11.46	-0.212786
11.47	-0.204222
11.48	-0.195647
11.49	-0.187061
11.5	-0.178467
11.51	-0.169863
11.52	-0.161251
11.53	-0.15263
11.54	-0.144002
11.55	-0.135366
11.56	-0.126724
11.57	-0.118075
11.58	-0.10942
11.59	-0.10076
11.6	-0.092095
11.61	-0.0834252
11.62	-0.0747512
11.63	-0.0660736
11.64	-0.0573926
11.65	-0.0487088
11.66	-0.0400226
11.67	-0.0313344
11.68	-0.0226447
11.69	-0.0139538
11.7	-0.0052623
11.71	0.00342952
11.72	0.0121212
11.73	0.0208122
11.74	0.0295022
11.75	0.0381908
11.76	0.0468774
11.77	0.0555618
11.78	0.0642433
11.79	0.0729217
11.8	0.0815965
11.81	0.0902672
11.82	0.0989334
11.83	0.107595
11.84	0.116251
11.85	0.124901
11.86	0.133544
11.87	0.142181
11.88	0.150811
11.89	0.159434
11.9	0.168048
11.91	0.176653
11.92	0.18525
11.93	0.193837
11.94	0.202414
11.95	0.210981
11.96	0.219537
11.97	0.228081
11.98	0.236614
11.99	0.245134
12	0.253642
12.01	0.262136
12.02	0.270616
12.03	0.279081
12.04	0.287532
12.05	0.295968
12.06	0.304387
12.07	0.312791
12.08	0.321177
12.09	0.329545
12.1	0.337896
12.11	0.346227
12.12	0.35454
12.13	0.362833
12.14	0.371106
12.15	0.379357
12.16	0.387587
12.17	0.395795
12.18	0.403981
12.19	0.412143
12.2	0.420281
12.21	0.428395
12.22	0.436484
12.23	0.444546
12.24	0.452583
12.25	0.460592
12.26	0.468574
12.27	0.476528
12.28	0.484452
12.29	0.492347
12.3	0.500212
12.31	0.508045
12.32	0.515847
12.33	0.523617
12.34	0.531353
12.35	0.539056
12.36	0.546724
12.37	0.554357
12.38	0.561954
12.39	0.569515
12.4	0.577038
12.41	0.584523
12.42	0.591969
12.43	0.599375
12.44	0.606741
12.45	0.614066
12.46	0.621349
12.47	0.628589
12.48	0.635785
12.49	0.642938
12.5	0.650045
12.51	0.657106
12.52	0.664121
12.53	0.671088
12.54	0.678007
12.55	0.684877
12.56	0.691696
12.57	0.698466
12.58	0.705183
12.59	0.711848
12.6	0.71846
12.61	0.725018
12.62	0.731521
12.63	0.737968
12.64	0.744358
12.65	0.750692
12.66	0.756966
12.67	0.763182
12.68	0.769338
12.69	0.775433
12.7	0.781466
12.71	0.787437
12.72	0.793345
12.73	0.799188
12.74	0.804966
12.75	0.810678
12.76	0.816324
12.77	0.821902
12.78	0.827412
12.79	0.832852
12.8	0.838222
12.81	0.843522
12.82	0.848749
12.83	0.853905
12.84	0.858986
12.85	0.863994
12.86	0.868927
12.87	0.873784
12.88	0.878564
12.89	0.883267
12.9	0.887892
12.91	0.892438
12.92	0.896904
12.93	0.90129
12.94	0.905595
12.95	0.909817
12.96	0.913957
12.97	0.918014
12.98	0.921987
12.99	0.925875
13	0.929677
13.01	0.933393
13.02	0.937023
13.03	0.940565
13.04	0.944019
13.05	0.947384
13.06	0.95066
13.07	0.953846
13.08	0.956941
13.09	0.959945
13.1	0.962857
13.11	0.965677
13.12	0.968405
13.13	0.971039
13.14	0.973579
13.15	0.976025
13.16	0.978376
13.17	0.980633
13.18	0.982793
13.19	0.984857
13.2	0.986825
13.21	0.988696
13.22	0.99047
13.23	0.992146
13.24	0.993725
13.25	0.995205
13.26	0.996587
13.27	0.997869
13.28	0.999053
13.29	1.00014
13.3	1.00112
13.31	1.00201
13.32	1.00279
13.33	1.00348
13.34	1.00407
13.35	1.00455
13.36	1.00494
13.37	1.00522
13.38	1.0054
13.39	1.00549
13.4	1.00547
13.41	1.00535
13.42	1.00513
13.43	1.00482
13.44	1.0044
13.45	1.00388
13.46	1.00326
13.47	1.00254
13.48	1.00172
13.49	1.0008
13.5	0.999779
13.51	0.99866
13.52	0.997443
13.53	0.996126
13.54	0.994711
13.55	0.993197
13.56	0.991585
13.57	0.989876
13.58	0.988068
13.59	0.986164
13.6	0.984163
13.61	0.982066
13.62	0.979873
13.63	0.977585
13.64	0.975201
13.65	0.972723
13.66	0.97015
13.67	0.967484
13.68	0.964725
13.69	0.961873
13.7	0.95893
13.71	0.955894
13.72	0.952768
13.73	0.949552
13.74	0.946245
13.75	0.94285
13.76	0.939366
13.77	0.935794
13.78	0.932135
13.79	0.928389
13.8	0.924557
13.81	0.92064
13.82	0.916639
13.83	0.912554
13.84	0.908385
13.85	0.904134
13.86	0.899802
13.87	0.895388
13.88	0.890895
13.89	0.886322
13.9	0.88167
13.91	0.876941
13.92	0.872134
13.93	0.867251
13.94	0.862293
13.95	0.85726
13.96	0.852153
13.97	0.846973
13.98	0.841721
13.99	0.836397
14	0.831003
14.01	0.825539
14.02	0.820005
14.03	0.814404
14.04	0.808736
14.05	0.803001
14.06	0.7972
14.07	0.791335
14.08	0.785406
14.09	0.779414
14.1	0.773359
14.11	0.767243
14.12	0.761067
14.13	0.754831
14.14	0.748536
14.15	0.742183
14.16	0.735773
14.17	0.729307
14.18	0.722785
14.19	0.716209
14.2	0.709579
14.21	0.702896
14.22	0.696161
14.23	0.689374
14.24	0.682537
14.25	0.67565
14.26	0.668715
14.27	0.661732
14.28	0.654701
14.29	0.647624
14.3	0.640501
14.31	0.633334
14.32	0.626122
14.33	0.618867
14.34	0.61157
14.35	0.604231
14.36	0.596851
14.37	0.589431
14.38	0.581972
14.39	0.574474
14.4	0.566938
14.41	0.559365
14.42	0.551756
14.43	0.544111
14.44	0.536431
14.45	0.528716
14.46	0.520968
14.47	0.513188
14.48	0.505375
14.49	0.497531
14.5	0.489656
14.51	0.481751
14.52	0.473816
14.53	0.465853
14.54	0.457861
14.55	0.449843
14.56	0.441797
14.57	0.433725
14.58	0.425628
14.59	0.417506
14.6	0.409359
14.61	0.401189
14.62	0.392996
14.63	0.38478
14.64	0.376543
14.65	0.368284
14.66	0.360004
14.67	0.351705
14.68	0.343385
14.69	0.335047
14.7	0.32669
14.71	0.318316
14.72	0.309924
14.73	0.301515
14.74	0.29309
14.75	0.284649
14.76	0.276193
14.77	0.267723
14.78	0.259238
14.79	0.250739
14.8	0.242227
14.81	0.233703
14.82	0.225166
14.83	0.216618
14.84	0.208058
14.85	0.199488
14.86	0.190907
14.87	0.182316
14.88	0.173717
14.89	0.165108
14.9	0.156491
14.91	0.147866
14.92	0.139234
14.93	0.130594
14.94	0.121949
14.95	0.113296
14.96	0.104639
14.97	0.0959757
14.98	0.0873079
14.99	0.0786357
15	0.0699597
15.01	0.0612802
15.02	0.0525976
15.03	0.0439124
15.04	0.0352251
15.05	0.026536
15.06	0.0178455
15.07	0.00915424
15.08	0.000462497
15.09	-0.00822927
15.1	-0.0169206
15.11	-0.0256112
15.12	-0.0343004
15.13	-0.042988
15.14	-0.0516734
15.15	-0.0603563
15.16	-0.0690362
15.17	-0.0777126
15.18	-0.0863852
15.19	-0.0950535
15.2	-0.103717
15.21	-0.112375
15.22	-0.121028
15.23	-0.129675
15.24	-0.138315
15.25	-0.146948
15.26	-0.155574
15.27	-0.164192
15.28	-0.172801
15.29	-0.181402
15.3	-0.189993
15.31	-0.198575
15.32	-0.207146
15.33	-0.215707
15.34	-0.224257
15.35	-0.232795
15.36	-0.241321
15.37	-0.249834
15.38	-0.258334
15.39	-0.26682
15.4	-0.275293
15.41	-0.28375
15.42	-0.292193
15.43	-0.300619
15.44	-0.30903
15.45	-0.317424
15.46	-0.3258
15.47	-0.334159
15.48	-0.342499
15.49	-0.35082
15.5	-0.359122
15.51	-0.367404
15.52	-0.375665
15.53	-0.383905
15.54	-0.392123
15.55	-0.400318
15.56	-0.408491
15.57	-0.41664
15.58	-0.424765
15.59	-0.432865
15.6	-0.440939
15.61	-0.448988
15.62	-0.457009
15.63	-0.465004
15.64	-0.47297
15.65	-0.480908
15.66	-0.488816
15.67	-0.496694
15.68	-0.504542
15.69	-0.512358
15.7	-0.520142
15.71	-0.527893
15.72	-0.535611
15.73	-0.543295
15.74	-0.550944
15.75	-0.558557
15.76	-0.566134
15.77	-0.573674
15.78	-0.581176
15.79	-0.588639
15.8	-0.596064
15.81	-0.603448
15.82	-0.610791
15.83	-0.618093
15.84	-0.625352
15.85	-0.632568
15.86	-0.63974
15.87	-0.646868
15.88	-0.65395
15.89	-0.660986
15.9	-0.667974
15.91	-0.674915
15.92	-0.681807
15.93	-0.688649
15.94	-0.695441
15.95	-0.702182
15.96	-0.70887
15.97	-0.715506
15.98	-0.722088
15.99	-0.728616
16	-0.735088
16.01	-0.741504
16.02	-0.747863
16.03	-0.754164
16.04	-0.760406
16.05	-0.766589
16.06	-0.772711
16.07	-0.778772
16.08	-0.784771
16.09	-0.790707
16.1	-0.796579
16.11	-0.802387
16.12	-0.808129
16.13	-0.813804
16.14	-0.819413
16.15	-0.824953
16.16	-0.830424
16.17	-0.835826
16.18	-0.841158
16.19	-0.846417
16.2	-0.851605
16.21	-0.85672
16.22	-0.861761
16.23	-0.866727
16.24	-0.871618
16.25	-0.876433
16.26	-0.881171
16.27	-0.885831
16.28	-0.890412
16.29	-0.894914
16.3	-0.899336
16.31	-0.903677
16.32	-0.907937
16.33	-0.912114
16.34	-0.916208
16.35	-0.920218
16.36	-0.924144
16.37	-0.927985
16.38	-0.93174
16.39	-0.935409
16.4	-0.93899
16.41	-0.942483
16.42	-0.945888
16.43	-0.949204
16.44	-0.95243
16.45	-0.955566
16.46	-0.958611
16.47	-0.961565
16.48	-0.964426
16.49	-0.967195
16.5	-0.969871
16.51	-0.972453
16.52	-0.974942
16.53	-0.977335
16.54	-0.979634
16.55	-0.981837
16.56	-0.983945
16.57	-0.985956
16.58	-0.98787
16.59	-0.989688
16.6	-0.991408
16.61	-0.99303
16.62	-0.994554
16.63	-0.99598
16.64	-0.997307
16.65	-0.998535
16.66	-0.999665
16.67	-1.00069
16.68	-1.00162
16.69	-1.00245
16.7	-1.00319
16.71	-1.00382
16.72	-1.00435
16.73	-1.00478
16.74	-1.0051
16.75	-1.00533
16.76	-1.00546
16.77	-1.00549
16.78	-1.00542
16.79	-1.00524
16.8	-1.00497
16.81	-1.0046
16.82	-1.00412
16.83	-1.00355
16.84	-1.00287
16.85	-1.0021
16.86	-1.00122
16.87	-1.00025
16.88	-0.999174
16.89	-0.998
16.9	-0.996728
16.91	-0.995357
16.92	-0.993887
16.93	-0.992319
16.94	-0.990653
16.95	-0.98889
16.96	-0.987029
16.97	-0.985071
16.98	-0.983017
16.99	-0.980867
17	-0.978621
17.01	-0.97628
17.02	-0.973844
17.03	-0.971314
17.04	-0.96869
17.05	-0.965972
17.06	-0.963162
17.07	-0.960259
17.08	-0.957265
17.09	-0.954179
17.1	-0.951003
17.11	-0.947737
17.12	-0.944381
17.13	-0.940937
17.14	-0.937404
17.15	-0.933784
17.16	-0.930077
17.17	-0.926284
17.18	-0.922405
17.19	-0.918441
17.2	-0.914393
17.21	-0.910262
17.22	-0.906048
17.23	-0.901752
17.24	-0.897375
17.25	-0.892917
17.26	-0.888379
17.27	-0.883763
17.28	-0.879068
17.29	-0.874296
17.3	-0.869447
17.31	-0.864523
17.32	-0.859523
17.33	-0.854449
17.34	-0.849302
17.35	-0.844081
17.36	-0.83879
17.37	-0.833427
17.38	-0.827994
17.39	-0.822492
17.4	-0.816921
17.41	-0.811282
17.42	-0.805577
17.43	-0.799806
17.44	-0.793969
17.45	-0.788069
17.46	-0.782105
17.47	-0.776078
17.48	-0.76999
17.49	-0.76384
17.5	-0.757631
17.51	-0.751362
17.52	-0.745035
17.53	-0.738651
17.54	-0.73221
17.55	-0.725713
17.56	-0.719161
17.57	-0.712554
17.58	-0.705895
17.59	-0.699183
17.6	-0.692419
17.61	-0.685605
17.62	-0.67874
17.63	-0.671827
17.64	-0.664864
17.65	-0.657855
17.66	-0.650798
17.67	-0.643696
17.68	-0.636548
17.69	-0.629357
17.7	-0.622121
17.71	-0.614843
17.72	-0.607522
17.73	-0.600161
17.74	-0.592759
17.75	-0.585317
17.76	-0.577836
17.77	-0.570317
17.78	-0.562761
17.79	-0.555168
17.8	-0.547538
17.81	-0.539874
17.82	-0.532175
17.83	-0.524442
17.84	-0.516676
17.85	-0.508877
17.86	-0.501047
17.87	-0.493186
17.88	-0.485294
17.89	-0.477373
17.9	-0.469422
17.91	-0.461443
17.92	-0.453437
17.93	-0.445403
17.94	-0.437343
17.95	-0.429257
17.96	-0.421146
17.97	-0.41301
17.98	-0.40485
17.99	-0.396668
18	-0.388462
18.01	-0.380234
18.02	-0.371985
18.03	-0.363714
18.04	-0.355424
18.05	-0.347113
18.06	-0.338783
18.07	-0.330435
18.08	-0.322068
18.09	-0.313684
18.1	-0.305282
18.11	-0.296865
18.12	-0.288431
18.13	-0.279982
18.14	-0.271517
18.15	-0.263039
18.16	-0.254546
18.17	-0.24604
18.18	-0.237521
18.19	-0.22899
18.2	-0.220447
18.21	-0.211892
18.22	-0.203326
18.23	-0.19475
18.24	-0.186164
18.25	-0.177569
18.26	-0.168964
18.27	-0.160351
18.28	-0.151729
18.29	-0.1431
18.3	-0.134464
18.31	-0.125821
18.32	-0.117171
18.33	-0.108516
18.34	-0.0998554
18.35	-0.0911897
18.36	-0.0825194
18.37	-0.0738451
18.38	-0.0651671
18.39	-0.0564858
18.4	-0.0478017
18.41	-0.0391153
18.42	-0.0304269
18.43	-0.0217371
18.44	-0.0130461
18.45	-0.00435451
18.46	0.00433731
18.47	0.0130289
18.48	0.0217199
18.49	0.0304097
18.5	0.0390981
18.51	0.0477846
18.52	0.0564686
18.53	0.0651499
18.54	0.0738279
18.55	0.0825023
18.56	0.0911725
18.57	0.0998383
18.58	0.108499
18.59	0.117154
18.6	0.125804
18.61	0.134447
18.62	0.143083
18.63	0.151712
18.64	0.160334
18.65	0.168947
18.66	0.177552
18.67	0.186147
18.68	0.194733
18.69	0.203309
18.7	0.211875
18.71	0.22043
18.72	0.228973
18.73	0.237504
18.74	0.246023
18.75	0.254529
18.76	0.263022
18.77	0.271501
18.78	0.279965
18.79	0.288414
18.8	0.296848
18.81	0.305266
18.82	0.313667
18.83	0.322051
18.84	0.330418
18.85	0.338767
18.86	0.347097
18.87	0.355407
18.88	0.363698
18.89	0.371968
18.9	0.380218
18.91	0.388446
18.92	0.396651
18.93	0.404834
18.94	0.412994
18.95	0.42113
18.96	0.429241
18.97	0.437327
18.98	0.445387
18.99	0.453421
19	0.461427
19.01	0.469406
19.02	0.477357
19.03	0.485278
19.04	0.49317
19.05	0.501031
19.06	0.508862
19.07	0.51666
19.08	0.524426
19.09	0.532159
19.1	0.539859
19.11	0.547523
19.12	0.555152
19.13	0.562746
19.14	0.570302
19.15	0.577821
19.16	0.585302
19.17	0.592744
19.18	0.600146
19.19	0.607508
19.2	0.614828
19.21	0.622107
19.22	0.629342
19.23	0.636534
19.24	0.643682
19.25	0.650784
19.26	0.657841
19.27	0.664851
19.28	0.671813
19.29	0.678727
19.3	0.685591
19.31	0.692406
19.32	0.69917
19.33	0.705882
19.34	0.712541
19.35	0.719147
19.36	0.7257
19.37	0.732197
19.38	0.738638
19.39	0.745023
19.4	0.75135
19.41	0.757618
19.42	0.763828
19.43	0.769977
19.44	0.776066
19.45	0.782093
19.46	0.788057
19.47	0.793958
19.48	0.799794
19.49	0.805566
19.5	0.811271
19.51	0.81691
19.52	0.822481
19.53	0.827983
19.54	0.833416
19.55	0.838779
19.56	0.844071
19.57	0.849291
19.58	0.854439
19.59	0.859513
19.6	0.864513
19.61	0.869438
19.62	0.874286
19.63	0.879059
19.64	0.883754
19.65	0.88837
19.66	0.892908
19.67	0.897366
19.68	0.901743
19.69	0.906039
19.7	0.910254
19.71	0.914385
19.72	0.918433
19.73	0.922397
19.74	0.926276
19.75	0.930069
19.76	0.933777
19.77	0.937397
19.78	0.94093
19.79	0.944374
19.8	0.94773
19.81	0.950997
19.82	0.954173
19.83	0.957259
19.84	0.960253
19.85	0.963156
19.86	0.965967
19.87	0.968684
19.88	0.971309
19.89	0.973839
19.9	0.976275
19.91	0.978617
19.92	0.980863
19.93	0.983013
19.94	0.985067
19.95	0.987025
19.96	0.988886
19.97	0.99065
19.98	0.992316
19.99	0.993884
20	0.995354
20.01	0.996725
20.02	0.997998
20.03	0.999171
20.04	1.00025
20.05	1.00122
20.06	1.0021
20.07	1.00287
20.08	1.00355
20.09	1.00412
20.1	1.0046
20.11	1.00497
20.12	1.00524
20.13	1.00542
20.14	1.00549
20.15	1.00546
20.16	1.00533
20.17	1.00511
20.18	1.00478
20.19	1.00435
20.2	1.00382
20.21	1.00319
20.22	1.00246
20.23	1.00163
20.24	1.0007
20.25	0.999667
20.26	0.998538
20.27	0.99731
20.28	0.995983
20.29	0.994557
20.3	0.993033
20.31	0.991411
20.32	0.989691
20.33	0.987874
20.34	0.98596
20.35	0.983949
20.36	0.981842
20.37	0.979639
20.38	0.97734
20.39	0.974946
20.4	0.972458
20.41	0.969876
20.42	0.9672
20.43	0.964432
20.44	0.96157
20.45	0.958617
20.46	0.955572
20.47	0.952436
20.48	0.94921
20.49	0.945895
20.5	0.94249
20.51	0.938997
20.52	0.935416
20.53	0.931747
20.54	0.927993
20.55	0.924152
20.56	0.920226
20.57	0.916216
20.58	0.912122
20.59	0.907945
20.6	0.903686
20.61	0.899345
20.62	0.894923
20.63	0.890421
20.64	0.88584
20.65	0.88118
20.66	0.876442
20.67	0.871628
20.68	0.866737
20.69	0.861771
20.7	0.85673
20.71	0.851615
20.72	0.846428
20.73	0.841168
20.74	0.835837
20.75	0.830435
20.76	0.824964
20.77	0.819424
20.78	0.813815
20.79	0.80814
20.8	0.802398
20.81	0.796591
20.82	0.790719
20.83	0.784783
20.84	0.778784
20.85	0.772723
20.86	0.766601
20.87	0.760419
20.88	0.754176
20.89	0.747875
20.9	0.741517
20.91	0.735101
20.92	0.728629
20.93	0.722101
20.94	0.715519
20.95	0.708883
20.96	0.702195
20.97	0.695454
20.98	0.688662
20.99	0.68182
21	0.674928
21.01	0.667988
21.02	0.660999
21.03	0.653964
21.04	0.646882
21.05	0.639755
21.06	0.632582
21.07	0.625366
21.08	0.618107
21.09	0.610805
21.1	0.603462
21.11	0.596078
21.12	0.588654
21.13	0.581191
21.14	0.573689
21.15	0.566149
21.16	0.558572
21.17	0.550959
21.18	0.54331
21.19	0.535626
21.2	0.527909
21.21	0.520157
21.22	0.512373
21.23	0.504557
21.24	0.49671
21.25	0.488831
21.26	0.480923
21.27	0.472986
21.28	0.465019
21.29	0.457025
21.3	0.449004
21.31	0.440955
21.32	0.432881
21.33	0.424781
21.34	0.416656
21.35	0.408507
21.36	0.400335
21.37	0.392139
21.38	0.383921
21.39	0.375681
21.4	0.36742
21.41	0.359138
21.42	0.350837
21.43	0.342515
21.44	0.334175
21.45	0.325817
21.46	0.31744
21.47	0.309046
21.48	0.300636
21.49	0.292209
21.5	0.283767
21.51	0.275309
21.52	0.266837
21.53	0.258351
21.54	0.249851
21.55	0.241337
21.56	0.232812
21.57	0.224274
21.58	0.215724
21.59	0.207163
21.6	0.198592
21.61	0.19001
21.62	0.181419
21.63	0.172818
21.64	0.164209
21.65	0.155591
21.66	0.146965
21.67	0.138332
21.68	0.129692
21.69	0.121045
21.7	0.112392
21.71	0.103734
21.72	0.0950706
21.73	0.0864023
21.74	0.0777298
21.75	0.0690533
21.76	0.0603735
21.77	0.0516906
21.78	0.0430052
21.79	0.0343176
21.8	0.0256284
21.81	0.0169378
21.82	0.00824647
21.83	-0.0004453
21.84	-0.00913705
21.85	-0.0178283
21.86	-0.0265188
21.87	-0.0352079
21.88	-0.0438952
21.89	-0.0525804
21.9	-0.061263
21.91	-0.0699425
21.92	-0.0786186
21.93	-0.0872907
21.94	-0.0959585
21.95	-0.104622
21.96	-0.113279
21.97	-0.121931
21.98	-0.130577
21.99	-0.139217
22	-0.147849
22.01	-0.156474
22.02	-0.165091
22.03	-0.1737
22.04	-0.182299
22.05	-0.19089
22.06	-0.199471
22.07	-0.208041
22.08	-0.216601
22.09	-0.225149
22.1	-0.233686
22.11	-0.24221
22.12	-0.250722
22.13	-0.259221
22.14	-0.267706
22.15	-0.276177
22.16	-0.284633
22.17	-0.293073
22.18	-0.301499
22.19	-0.309907
22.2	-0.318299
22.21	-0.326674
22.22	-0.335031
22.23	-0.343369
22.24	-0.351688
22.25	-0.359988
22.26	-0.368268
22.27	-0.376526
22.28	-0.384764
22.29	-0.39298
22.3	-0.401173
22.31	-0.409343
22.32	-0.41749
22.33	-0.425612
22.34	-0.433709
22.35	-0.441781
22.36	-0.449827
22.37	-0.457846
22.38	-0.465837
22.39	-0.4738
22.4	-0.481735
22.41	-0.48964
22.42	-0.497515
22.43	-0.505359
22.44	-0.513172
22.45	-0.520953
22.46	-0.528701
22.47	-0.536415
22.48	-0.544095
22.49	-0.551741
22.5	-0.55935
22.51	-0.566923
22.52	-0.574459
22.53	-0.581957
22.54	-0.589417
22.55	-0.596837
22.56	-0.604217
22.57	-0.611556
22.58	-0.618853
22.59	-0.626108
22.6	-0.633319
22.61	-0.640487
22.62	-0.64761
22.63	-0.654687
22.64	-0.661718
22.65	-0.668701
22.66	-0.675637
22.67	-0.682524
22.68	-0.689361
22.69	-0.696147
22.7	-0.702883
22.71	-0.709566
22.72	-0.716196
22.73	-0.722772
22.74	-0.729294
22.75	-0.735761
22.76	-0.742171
22.77	-0.748524
22.78	-0.754819
22.79	-0.761055
22.8	-0.767231
22.81	-0.773347
22.82	-0.779402
22.83	-0.785394
22.84	-0.791323
22.85	-0.797189
22.86	-0.802989
22.87	-0.808725
22.88	-0.814393
22.89	-0.819994
22.9	-0.825528
22.91	-0.830992
22.92	-0.836386
22.93	-0.84171
22.94	-0.846963
22.95	-0.852143
22.96	-0.85725
22.97	-0.862283
22.98	-0.867242
22.99	-0.872125
23	-0.876931
23.01	-0.881661
23.02	-0.886313
23.03	-0.890886
23.04	-0.89538
23.05	-0.899793
23.06	-0.904126
23.07	-0.908377
23.08	-0.912545
23.09	-0.916631
23.1	-0.920632
23.11	-0.92455
23.12	-0.928381
23.13	-0.932127
23.14	-0.935787
23.15	-0.939359
23.16	-0.942843
23.17	-0.946239
23.18	-0.949545
23.19	-0.952762
23.2	-0.955888
23.21	-0.958924
23.22	-0.961868
23.23	-0.96472
23.24	-0.967479
23.25	-0.970145
23.26	-0.972718
23.27	-0.975196
23.28	-0.97758
23.29	-0.979869
23.3	-0.982062
23.31	-0.984159
23.32	-0.98616
23.33	-0.988065
23.34	-0.989872
23.35	-0.991582
23.36	-0.993194
23.37	-0.994708
23.38	-0.996123
23.39	-0.99744
23.4	-0.998658
23.41	-0.999777
23.42	-1.0008
23.43	-1.00172
23.44	-1.00254
23.45	-1.00326
23.46	-1.00388
23.47	-1.0044
23.48	-1.00481
23.49	-1.00513
23.5	-1.00535
23.51	-1.00547
23.52	-1.00549
23.53	-1.0054
23.54	-1.00522
23.55	-1.00494
23.56	-1.00455
23.57	-1.00407
23.58	-1.00348
23.59	-1.0028
23.6	-1.00201
23.61	-1.00112
23.62	-1.00014
23.63	-0.999056
23.64	-0.997872
23.65	-0.996589
23.66	-0.995208
23.67	-0.993728
23.68	-0.99215
23.69	-0.990473
23.7	-0.9887
23.71	-0.986829
23.72	-0.984861
23.73	-0.982797
23.74	-0.980637
23.75	-0.978381
23.76	-0.97603
23.77	-0.973584
23.78	-0.971044
23.79	-0.96841
23.8	-0.965683
23.81	-0.962863
23.82	-0.959951
23.83	-0.956947
23.84	-0.953852
23.85	-0.950666
23.86	-0.947391
23.87	-0.944026
23.88	-0.940572
23.89	-0.93703
23.9	-0.933401
23.91	-0.929685
23.92	-0.925882
23.93	-0.921995
23.94	-0.918022
23.95	-0.913966
23.96	-0.909826
23.97	-0.905603
23.98	-0.901298
23.99	-0.896913
24	-0.892447
24.01	-0.887901
24.02	-0.883276
24.03	-0.878573
24.04	-0.873793
24.05	-0.868936
24.06	-0.864004
24.07	-0.858996
24.08	-0.853915
24.09	-0.84876
24.1	-0.843532
24.11	-0.838233
24.12	-0.832863
24.13	-0.827422
24.14	-0.821913
24.15	-0.816335
24.16	-0.81069
24.17	-0.804977
24.18	-0.799199
24.19	-0.793356
24.2	-0.787449
24.21	-0.781478
24.22	-0.775445
24.23	-0.76935
24.24	-0.763194
24.25	-0.756979
24.26	-0.750704
24.27	-0.744371
24.28	-0.737981
24.29	-0.731534
24.3	-0.725031
24.31	-0.718473
24.32	-0.711861
24.33	-0.705196
24.34	-0.698479
24.35	-0.69171
24.36	-0.68489
24.37	-0.67802
24.38	-0.671102
24.39	-0.664135
24.4	-0.65712
24.41	-0.650059
24.42	-0.642952
24.43	-0.635799
24.44	-0.628603
24.45	-0.621363
24.46	-0.61408
24.47	-0.606755
24.48	-0.59939
24.49	-0.591983
24.5	-0.584537
24.51	-0.577053
24.52	-0.56953
24.53	-0.561969
24.54	-0.554372
24.55	-0.546739
24.56	-0.539071
24.57	-0.531369
24.58	-0.523632
24.59	-0.515863
24.6	-0.508061
24.61	-0.500227
24.62	-0.492363
24.63	-0.484468
24.64	-0.476543
24.65	-0.46859
24.66	-0.460608
24.67	-0.452599
24.68	-0.444562
24.69	-0.436499
24.7	-0.428411
24.71	-0.420297
24.72	-0.412159
24.73	-0.403997
24.74	-0.395812
24.75	-0.387604
24.76	-0.379373
24.77	-0.371122
24.78	-0.362849
24.79	-0.354557
24.8	-0.346244
24.81	-0.337912
24.82	-0.329562
24.83	-0.321193
24.84	-0.312807
24.85	-0.304404
24.86	-0.295985
24.87	-0.287549
24.88	-0.279098
24.89	-0.270632
24.9	-0.262152
24.91	-0.253658
24.92	-0.245151
24.93	-0.236631
24.94	-0.228098
24.95	-0.219554
24.96	-0.210998
24.97	-0.202431
24.98	-0.193854
24.99	-0.185267
