0	3.5
0.01	3.49955
0.02	3.4991
0.03	3.49865
0.04	3.49821
0.05	3.49776
0.06	3.49732
0.07	3.49689
0.08	3.49645
0.09	3.49602
0.1	3.4956
0.11	3.49518
0.12	3.49477
0.13	3.49437
0.14	3.49397
0.15	3.49358
0.16	3.4932
0.17	3.49283
0.18	3.49246
0.19	3.49211
0.2	3.49176
0.21	3.49143
0.22	3.4911
0.23	3.49079
0.24	3.49048
0.25	3.49019
0.26	3.48991
0.27	3.48964
0.28	3.48938
0.29	3.48913
0.3	3.4889
0.31	3.48868
0.32	3.48847
0.33	3.48827
0.34	3.48808
0.35	3.48791
0.36	3.48775
0.37	3.4876
0.38	3.48746
0.39	3.48733
0.4	3.48722
0.41	3.48712
0.42	3.48703
0.43	3.48695
0.44	3.48689
0.45	3.48683
0.46	3.48679
0.47	3.48676
0.48	3.48674
0.49	3.48673
0.5	3.48673
0.51	3.48674
0.52	3.48676
0.53	3.48679
0.54	3.48683
0.55	3.48688
0.56	3.48694
0.57	3.487
0.58	3.48708
0.59	3.48716
0.6	3.48726
0.61	3.48736
0.62	3.48746
0.63	3.48758
0.64	3.4877
0.65	3.48783
0.66	3.48797
0.67	3.48811
0.68	3.48826
0.69	3.48841
0.7	3.48857
0.71	3.48874
0.72	3.48891
0.73	3.48908
0.74	3.48927
0.75	3.48945
0.76	3.48964
0.77	3.48983
0.78	3.49003
0.79	3.49023
0.8	3.49043
0.81	3.49064
0.82	3.49085
0.83	3.49106
0.84	3.49128
0.85	3.4915
0.86	3.49172
0.87	3.49194
0.88	3.49217
0.89	3.4924
0.9	3.49263
0.91	3.49286
0.92	3.49309
0.93	3.49332
0.94	3.49356
0.95	3.4938
0.96	3.49404
0.97	3.49427
0.98	3.49452
0.99	3.49476
1	3.495
1.01	3.49524
1.02	3.49549
1.03	3.49573
1.04	3.49598
1.05	3.49622
1.06	3.49647
1.07	3.49672
1.08	3.49697
1.09	3.49721
1.1	3.49746
1.11	3.49771
1.12	3.49796
1.13	3.49821
1.14	3.49846
1.15	3.49871
1.16	3.49896
1.17	3.49921
1.18	3.49946
1.19	3.49971
1.2	3.49996
1.21	3.50021
1.22	3.50046
1.23	3.50071
1.24	3.50096
1.25	3.50121
1.26	3.50146
1.27	3.5017
1.28	3.50195
1.29	3.5022
1.3	3.50245
1.31	3.5027
1.32	3.50295
1.33	3.5032
1.34	3.50345
1.35	3.50369
1.36	3.50394
1.37	3.50419
1.38	3.50443
1.39	3.50468
1.4	3.50492
1.41	3.50516
1.42	3.50541
1.43	3.50565
1.44	3.50589
1.45	3.50613
1.46	3.50637
1.47	3.50661
1.48	3.50684
1.49	3.50708
1.5	3.50731
1.51	3.50754
1.52	3.50777
1.53	3.508
1.54	3.50823
1.55	3.50845
1.56	3.50867
1.57	3.50889
1.58	3.50911
1.59	3.50932
1.6	3.50953
1.61	3.50974
1.62	3.50994
1.63	3.51014
1.64	3.51034
1.65	3.51053
1.66	3.51072
1.67	3.51091
1.68	3.51109
1.69	3.51126
1.7	3.51143
1.71	3.5116
1.72	3.51176
1.73	3.51191
1.74	3.51206
1.75	3.5122
1.76	3.51234
1.77	3.51247
1.78	3.51259
1.79	3.51271
1.8	3.51281
1.81	3.51291
1.82	3.51301
1.83	3.51309
1.84	3.51317
1.85	3.51323
1.86	3.51329
1.87	3.51334
1.88	3.51338
1.89	3.51341
1.9	3.51343
1.91	3.51344
1.92	3.51344
1.93	3.51343
1.94	3.51341
1.95	3.51337
1.96	3.51333
1.97	3.51328
1.98	3.51321
1.99	3.51313
2	3.51304
2.01	3.51294
2.02	3.51282
2.03	3.5127
2.04	3.51256
2.05	3.51241
2.06	3.51225
2.07	3.51207
2.08	3.51189
2.09	3.51169
2.1	3.51147
2.11	3.51125
2.12	3.51101
2.13	3.51077
2.14	3.51051
2.15	3.51024
2.16	3.50995
2.17	3.50966
2.18	3.50936
2.19	3.50904
2.2	3.50871
2.21	3.50838
2.22	3.50803
2.23	3.50767
2.24	3.50731
2.25	3.50694
2.26	3.50655
2.27	3.50616
2.28	3.50576
2.29	3.50536
2.3	3.50495
2.31	3.50453
2.32	3.50411
2.33	3.50368
2.34	3.50324
2.35	3.50281
2.36	3.50237
2.37	3.50192
2.38	3.50148
2.39	3.50103
2.4	3.50058
2.41	3.50013
2.42	3.49968
2.43	3.49923
2.44	3.49878
2.45	3.49833
2.46	3.49789
2.47	3.49745
2.48	3.49701
2.49	3.49658
2.5	3.49615
2.51	3.49572
2.52	3.4953
2.53	3.49489
2.54	3.49448
2.55	3.49408
2.56	3.49369
2.57	3.49331
2.58	3.49293
2.59	3.49257
2.6	3.49221
2.61	3.49186
2.62	3.49152
2.63	3.49119
2.64	3.49088
2.65	3.49057
2.66	3.49027
2.67	3.48999
2.68	3.48971
2.69	3.48945
2.7	3.4892
2.71	3.48896
2.72	3.48874
2.73	3.48852
2.74	3.48832
2.75	3.48813
2.76	3.48796
2.77	3.48779
2.78	3.48764
2.79	3.4875
2.8	3.48737
2.81	3.48725
2.82	3.48715
2.83	3.48705
2.84	3.48697
2.85	3.4869
2.86	3.48685
2.87	3.4868
2.88	3.48677
2.89	3.48674
2.9	3.48673
2.91	3.48673
2.92	3.48673
2.93	3.48675
2.94	3.48678
2.95	3.48682
2.96	3.48686
2.97	3.48692
2.98	3.48698
2.99	3.48706
3	3.48714
3.01	3.48723
3.02	3.48733
3.03	3.48743
3.04	3.48755
3.05	3.48767
3.06	3.48779
3.07	3.48793
3.08	3.48807
3.09	3.48822
3.1	3.48837
3.11	3.48853
3.12	3.48869
3.13	3.48886
3.14	3.48903
3.15	3.48921
3.16	3.4894
3.17	3.48958
3.18	3.48978
3.19	3.48997
3.2	3.49017
3.21	3.49037
3.22	3.49058
3.23	3.49079
3.24	3.491
3.25	3.49122
3.26	3.49144
3.27	3.49166
3.28	3.49188
3.29	3.4921
3.3	3.49233
3.31	3.49256
3.32	3.49279
3.33	3.49302
3.34	3.49326
3.35	3.49349
3.36	3.49373
3.37	3.49397
3.38	3.49421
3.39	3.49445
3.4	3.49469
3.41	3.49493
3.42	3.49517
3.43	3.49542
3.44	3.49566
3.45	3.49591
3.46	3.49615
3.47	3.4964
3.48	3.49665
3.49	3.49689
3.5	3.49714
3.51	3.49739
3.52	3.49764
3.53	3.49789
3.54	3.49814
3.55	3.49839
3.56	3.49864
3.57	3.49888
3.58	3.49913
3.59	3.49938
3.6	3.49963
3.61	3.49988
3.62	3.50013
3.63	3.50038
3.64	3.50063
3.65	3.50088
3.66	3.50113
3.67	3.50138
3.68	3.50163
3.69	3.50188
3.7	3.50213
3.71	3.50238
3.72	3.50263
3.73	3.50288
3.74	3.50313
3.75	3.50337
3.76	3.50362
3.77	3.50387
3.78	3.50412
3.79	3.50436
3.8	3.50461
3.81	3.50485
3.82	3.5051
3.83	3.50534
3.84	3.50558
3.85	3.50582
3.86	3.50606
3.87	3.5063
3.88	3.50654
3.89	3.50678
3.9	3.50701
3.91	3.50724
3.92	3.50748
3.93	3.50771
3.94	3.50794
3.95	3.50816
3.96	3.50839
3.97	3.50861
3.98	3.50883
3.99	3.50904
4	3.50926
4.01	3.50947
4.02	3.50968
4.03	3.50988
4.04	3.51009
4.05	3.51028
4.06	3.51048
4.07	3.51067
4.08	3.51085
4.09	3.51104
4.1	3.51121
4.11	3.51138
4.12	3.51155
4.13	3.51171
4.14	3.51187
4.15	3.51202
4.16	3.51216
4.17	3.5123
4.18	3.51243
4.19	3.51256
4.2	3.51267
4.21	3.51278
4.22	3.51289
4.23	3.51298
4.24	3.51307
4.25	3.51315
4.26	3.51322
4.27	3.51328
4.28	3.51333
4.29	3.51337
4.3	3.5134
4.31	3.51343
4.32	3.51344
4.33	3.51344
4.34	3.51343
4.35	3.51341
4.36	3.51338
4.37	3.51334
4.38	3.51329
4.39	3.51323
4.4	3.51315
4.41	3.51307
4.42	3.51297
4.43	3.51286
4.44	3.51274
4.45	3.5126
4.46	3.51245
4.47	3.51229
4.48	3.51212
4.49	3.51194
4.5	3.51174
4.51	3.51154
4.52	3.51132
4.53	3.51108
4.54	3.51084
4.55	3.51058
4.56	3.51032
4.57	3.51004
4.58	3.50975
4.59	3.50944
4.6	3.50913
4.61	3.50881
4.62	3.50847
4.63	3.50813
4.64	3.50778
4.65	3.50742
4.66	3.50704
4.67	3.50666
4.68	3.50628
4.69	3.50588
4.7	3.50548
4.71	3.50507
4.72	3.50465
4.73	3.50423
4.74	3.5038
4.75	3.50337
4.76	3.50293
4.77	3.50249
4.78	3.50205
4.79	3.5016
4.8	3.50116
4.81	3.50071
4.82	3.50026
4.83	3.49981
4.84	3.49936
4.85	3.49891
4.86	3.49846
4.87	3.49802
4.88	3.49757
4.89	3.49714
4.9	3.4967
4.91	3.49627
4.92	3.49584
4.93	3.49542
4.94	3.49501
4.95	3.4946
4.96	3.4942
4.97	3.4938
4.98	3.49342
4.99	3.49304
5	3.49267
5.01	3.49231
5.02	3.49196
5.03	3.49162
5.04	3.49129
5.05	3.49097
5.06	3.49066
5.07	3.49036
5.08	3.49007
5.09	3.48979
5.1	3.48953
5.11	3.48927
5.12	3.48903
5.13	3.4888
5.14	3.48858
5.15	3.48838
5.16	3.48819
5.17	3.48801
5.18	3.48784
5.19	3.48768
5.2	3.48754
5.21	3.4874
5.22	3.48728
5.23	3.48718
5.24	3.48708
5.25	3.487
5.26	3.48692
5.27	3.48686
5.28	3.48681
5.29	3.48677
5.3	3.48675
5.31	3.48673
5.32	3.48672
5.33	3.48673
5.34	3.48674
5.35	3.48677
5.36	3.4868
5.37	3.48685
5.38	3.4869
5.39	3.48696
5.4	3.48703
5.41	3.48711
5.42	3.4872
5.43	3.4873
5.44	3.4874
5.45	3.48751
5.46	3.48763
5.47	3.48776
5.48	3.48789
5.49	3.48803
5.5	3.48817
5.51	3.48832
5.52	3.48848
5.53	3.48864
5.54	3.48881
5.55	3.48898
5.56	3.48916
5.57	3.48934
5.58	3.48953
5.59	3.48972
5.6	3.48992
5.61	3.49011
5.62	3.49032
5.63	3.49052
5.64	3.49073
5.65	3.49094
5.66	3.49116
5.67	3.49137
5.68	3.49159
5.69	3.49181
5.7	3.49204
5.71	3.49226
5.72	3.49249
5.73	3.49272
5.74	3.49296
5.75	3.49319
5.76	3.49342
5.77	3.49366
5.78	3.4939
5.79	3.49414
5.8	3.49438
5.81	3.49462
5.82	3.49486
5.83	3.4951
5.84	3.49535
5.85	3.49559
5.86	3.49584
5.87	3.49608
5.88	3.49633
5.89	3.49658
5.9	3.49682
5.91	3.49707
5.92	3.49732
5.93	3.49757
5.94	3.49782
5.95	3.49807
5.96	3.49831
5.97	3.49856
5.98	3.49881
5.99	3.49906
6	3.49931
6.01	3.49956
6.02	3.49981
6.03	3.50006
6.04	3.50031
6.05	3.50056
6.06	3.50081
6.07	3.50106
6.08	3.50131
6.09	3.50156
6.1	3.50181
6.11	3.50206
6.12	3.50231
6.13	3.50256
6.14	3.50281
6.15	3.50306
6.16	3.5033
6.17	3.50355
6.18	3.5038
6.19	3.50405
6.2	3.50429
6.21	3.50454
6.22	3.50478
6.23	3.50503
6.24	3.50527
6.25	3.50551
6.26	3.50575
6.27	3.50599
6.28	3.50623
6.29	3.50647
6.3	3.50671
6.31	3.50694
6.32	3.50718
6.33	3.50741
6.34	3.50764
6.35	3.50787
6.36	3.5081
6.37	3.50832
6.38	3.50854
6.39	3.50877
6.4	3.50898
6.41	3.5092
6.42	3.50941
6.43	3.50962
6.44	3.50983
6.45	3.51003
6.46	3.51023
6.47	3.51042
6.48	3.51061
6.49	3.5108
6.5	3.51098
6.51	3.51116
6.52	3.51134
6.53	3.5115
6.54	3.51167
6.55	3.51182
6.56	3.51198
6.57	3.51212
6.58	3.51226
6.59	3.5124
6.6	3.51252
6.61	3.51264
6.62	3.51275
6.63	3.51286
6.64	3.51296
6.65	3.51304
6.66	3.51312
6.67	3.5132
6.68	3.51326
6.69	3.51331
6.7	3.51336
6.71	3.51339
6.72	3.51342
6.73	3.51344
6.74	3.51344
6.75	3.51344
6.76	3.51342
6.77	3.51339
6.78	3.51336
6.79	3.51331
6.8	3.51325
6.81	3.51318
6.82	3.51309
6.83	3.513
6.84	3.51289
6.85	3.51277
6.86	3.51264
6.87	3.5125
6.88	3.51234
6.89	3.51217
6.9	3.51199
6.91	3.5118
6.92	3.5116
6.93	3.51138
6.94	3.51115
6.95	3.51091
6.96	3.51066
6.97	3.51039
6.98	3.51012
6.99	3.50983
7	3.50953
7.01	3.50922
7.02	3.5089
7.03	3.50857
7.04	3.50823
7.05	3.50788
7.06	3.50752
7.07	3.50715
7.08	3.50677
7.09	3.50639
7.1	3.50599
7.11	3.50559
7.12	3.50518
7.13	3.50477
7.14	3.50435
7.15	3.50392
7.16	3.50349
7.17	3.50306
7.18	3.50262
7.19	3.50218
7.2	3.50173
7.21	3.50128
7.22	3.50084
7.23	3.50039
7.24	3.49994
7.25	3.49949
7.26	3.49904
7.27	3.49859
7.28	3.49814
7.29	3.4977
7.3	3.49726
7.31	3.49682
7.32	3.49639
7.33	3.49596
7.34	3.49554
7.35	3.49513
7.36	3.49472
7.37	3.49431
7.38	3.49392
7.39	3.49353
7.4	3.49315
7.41	3.49278
7.42	3.49241
7.43	3.49206
7.44	3.49171
7.45	3.49138
7.46	3.49106
7.47	3.49074
7.48	3.49044
7.49	3.49015
7.5	3.48987
7.51	3.4896
7.52	3.48934
7.53	3.4891
7.54	3.48887
7.55	3.48865
7.56	3.48844
7.57	3.48824
7.58	3.48806
7.59	3.48788
7.6	3.48772
7.61	3.48758
7.62	3.48744
7.63	3.48732
7.64	3.48721
7.65	3.48711
7.66	3.48702
7.67	3.48694
7.68	3.48688
7.69	3.48683
7.7	3.48678
7.71	3.48675
7.72	3.48673
7.73	3.48673
7.74	3.48673
7.75	3.48674
7.76	3.48676
7.77	3.48679
7.78	3.48683
7.79	3.48688
7.8	3.48694
7.81	3.48701
7.82	3.48709
7.83	3.48718
7.84	3.48727
7.85	3.48737
7.86	3.48748
7.87	3.4876
7.88	3.48772
7.89	3.48785
7.9	3.48799
7.91	3.48813
7.92	3.48828
7.93	3.48844
7.94	3.4886
7.95	3.48876
7.96	3.48893
7.97	3.48911
7.98	3.48929
7.99	3.48948
8	3.48967
8.01	3.48986
8.02	3.49006
8.03	3.49026
8.04	3.49046
8.05	3.49067
8.06	3.49088
8.07	3.49109
8.08	3.49131
8.09	3.49153
8.1	3.49175
8.11	3.49197
8.12	3.4922
8.13	3.49243
8.14	3.49266
8.15	3.49289
8.16	3.49312
8.17	3.49336
8.18	3.49359
8.19	3.49383
8.2	3.49407
8.21	3.49431
8.22	3.49455
8.23	3.49479
8.24	3.49503
8.25	3.49528
8.26	3.49552
8.27	3.49577
8.28	3.49601
8.29	3.49626
8.3	3.49651
8.31	3.49675
8.32	3.497
8.33	3.49725
8.34	3.4975
8.35	3.49774
8.36	3.49799
8.37	3.49824
8.38	3.49849
8.39	3.49874
8.4	3.49899
8.41	3.49924
8.42	3.49949
8.43	3.49974
8.44	3.49999
8.45	3.50024
8.46	3.50049
8.47	3.50074
8.48	3.50099
8.49	3.50124
8.5	3.50149
8.51	3.50174
8.52	3.50199
8.53	3.50224
8.54	3.50249
8.55	3.50274
8.56	3.50298
8.57	3.50323
8.58	3.50348
8.59	3.50373
8.6	3.50397
8.61	3.50422
8.62	3.50447
8.63	3.50471
8.64	3.50496
8.65	3.5052
8.66	3.50544
8.67	3.50568
8.68	3.50592
8.69	3.50616
8.7	3.5064
8.71	3.50664
8.72	3.50688
8.73	3.50711
8.74	3.50734
8.75	3.50758
8.76	3.5078
8.77	3.50803
8.78	3.50826
8.79	3.50848
8.8	3.5087
8.81	3.50892
8.82	3.50914
8.83	3.50935
8.84	3.50956
8.85	3.50977
8.86	3.50997
8.87	3.51017
8.88	3.51037
8.89	3.51056
8.9	3.51075
8.91	3.51093
8.92	3.51111
8.93	3.51129
8.94	3.51146
8.95	3.51162
8.96	3.51178
8.97	3.51193
8.98	3.51208
8.99	3.51222
9	3.51236
9.01	3.51249
9.02	3.51261
9.03	3.51272
9.04	3.51283
9.05	3.51293
9.06	3.51302
9.07	3.5131
9.08	3.51318
9.09	3.51324
9.1	3.5133
9.11	3.51335
9.12	3.51339
9.13	3.51341
9.14	3.51343
9.15	3.51344
9.16	3.51344
9.17	3.51343
9.18	3.5134
9.19	3.51337
9.2	3.51332
9.21	3.51327
9.22	3.5132
9.23	3.51312
9.24	3.51303
9.25	3.51292
9.26	3.51281
9.27	3.51268
9.28	3.51254
9.29	3.51239
9.3	3.51222
9.31	3.51205
9.32	3.51186
9.33	3.51166
9.34	3.51144
9.35	3.51122
9.36	3.51098
9.37	3.51073
9.38	3.51047
9.39	3.5102
9.4	3.50991
9.41	3.50962
9.42	3.50931
9.43	3.50899
9.44	3.50867
9.45	3.50833
9.46	3.50798
9.47	3.50762
9.48	3.50726
9.49	3.50688
9.5	3.5065
9.51	3.50611
9.52	3.50571
9.53	3.5053
9.54	3.50489
9.55	3.50447
9.56	3.50405
9.57	3.50362
9.58	3.50318
9.59	3.50275
9.6	3.5023
9.61	3.50186
9.62	3.50141
9.63	3.50096
9.64	3.50052
9.65	3.50007
9.66	3.49962
9.67	3.49917
9.68	3.49872
9.69	3.49827
9.7	3.49783
9.71	3.49739
9.72	3.49695
9.73	3.49652
9.74	3.49609
9.75	3.49566
9.76	3.49524
9.77	3.49483
9.78	3.49443
9.79	3.49403
9.8	3.49364
9.81	3.49326
9.82	3.49288
9.83	3.49252
9.84	3.49216
9.85	3.49181
9.86	3.49147
9.87	3.49115
9.88	3.49083
9.89	3.49053
9.9	3.49023
9.91	3.48995
9.92	3.48968
9.93	3.48942
9.94	3.48917
9.95	3.48893
9.96	3.48871
9.97	3.4885
9.98	3.4883
9.99	3.48811
10	3.48793
10.01	3.48777
10.02	3.48762
10.03	3.48748
10.04	3.48735
10.05	3.48724
10.06	3.48713
10.07	3.48704
10.08	3.48696
10.09	3.4869
10.1	3.48684
10.11	3.4868
10.12	3.48676
10.13	3.48674
10.14	3.48673
10.15	3.48673
10.16	3.48673
10.17	3.48675
10.18	3.48678
10.19	3.48682
10.2	3.48687
10.21	3.48693
10.22	3.48699
10.23	3.48707
10.24	3.48715
10.25	3.48724
10.26	3.48734
10.27	3.48745
10.28	3.48756
10.29	3.48768
10.3	3.48781
10.31	3.48795
10.32	3.48809
10.33	3.48824
10.34	3.48839
10.35	3.48855
10.36	3.48871
10.37	3.48888
10.38	3.48906
10.39	3.48924
10.4	3.48942
10.41	3.48961
10.42	3.4898
10.43	3.49
10.44	3.4902
10.45	3.4904
10.46	3.49061
10.47	3.49082
10.48	3.49103
10.49	3.49125
10.5	3.49147
10.51	3.49169
10.52	3.49191
10.53	3.49214
10.54	3.49236
10.55	3.49259
10.56	3.49282
10.57	3.49306
10.58	3.49329
10.59	3.49353
10.6	3.49376
10.61	3.494
10.62	3.49424
10.63	3.49448
10.64	3.49472
10.65	3.49496
10.66	3.49521
10.67	3.49545
10.68	3.4957
10.69	3.49594
10.7	3.49619
10.71	3.49643
10.72	3.49668
10.73	3.49693
10.74	3.49718
10.75	3.49743
10.76	3.49767
10.77	3.49792
10.78	3.49817
10.79	3.49842
10.8	3.49867
10.81	3.49892
10.82	3.49917
10.83	3.49942
10.84	3.49967
10.85	3.49992
10.86	3.50017
10.87	3.50042
10.88	3.50067
10.89	3.50092
10.9	3.50117
10.91	3.50142
10.92	3.50167
10.93	3.50192
10.94	3.50217
10.95	3.50242
10.96	3.50267
10.97	3.50291
10.98	3.50316
10.99	3.50341
11	3.50366
11.01	3.5039
11.02	3.50415
11.03	3.5044
11.04	3.50464
11.05	3.50489
11.06	3.50513
11.07	3.50537
11.08	3.50561
11.09	3.50586
11.1	3.5061
11.11	3.50633
11.12	3.50657
11.13	3.50681
11.14	3.50704
11.15	3.50728
11.16	3.50751
11.17	3.50774
11.18	3.50797
11.19	3.50819
11.2	3.50842
11.21	3.50864
11.22	3.50886
11.23	3.50908
11.24	3.50929
11.25	3.5095
11.26	3.50971
11.27	3.50991
11.28	3.51011
11.29	3.51031
11.3	3.5105
11.31	3.51069
11.32	3.51088
11.33	3.51106
11.34	3.51124
11.35	3.51141
11.36	3.51157
11.37	3.51174
11.38	3.51189
11.39	3.51204
11.4	3.51218
11.41	3.51232
11.42	3.51245
11.43	3.51257
11.44	3.51269
11.45	3.5128
11.46	3.5129
11.47	3.51299
11.48	3.51308
11.49	3.51316
11.5	3.51322
11.51	3.51328
11.52	3.51333
11.53	3.51338
11.54	3.51341
11.55	3.51343
11.56	3.51344
11.57	3.51344
11.58	3.51343
11.59	3.51341
11.6	3.51338
11.61	3.51334
11.62	3.51328
11.63	3.51322
11.64	3.51314
11.65	3.51305
11.66	3.51295
11.67	3.51284
11.68	3.51272
11.69	3.51258
11.7	3.51243
11.71	3.51227
11.72	3.5121
11.73	3.51191
11.74	3.51172
11.75	3.51151
11.76	3.51128
11.77	3.51105
11.78	3.5108
11.79	3.51055
11.8	3.51028
11.81	3.51
11.82	3.5097
11.83	3.5094
11.84	3.50909
11.85	3.50876
11.86	3.50843
11.87	3.50808
11.88	3.50773
11.89	3.50736
11.9	3.50699
11.91	3.50661
11.92	3.50622
11.93	3.50582
11.94	3.50542
11.95	3.50501
11.96	3.50459
11.97	3.50417
11.98	3.50374
11.99	3.50331
12	3.50287
12.01	3.50243
12.02	3.50199
12.03	3.50154
12.04	3.50109
12.05	3.50064
12.06	3.50019
12.07	3.49974
12.08	3.49929
12.09	3.49885
12.1	3.4984
12.11	3.49795
12.12	3.49751
12.13	3.49707
12.14	3.49664
12.15	3.49621
12.16	3.49578
12.17	3.49536
12.18	3.49495
12.19	3.49454
12.2	3.49414
12.21	3.49375
12.22	3.49336
12.23	3.49299
12.24	3.49262
12.25	3.49226
12.26	3.49191
12.27	3.49157
12.28	3.49124
12.29	3.49092
12.3	3.49061
12.31	3.49032
12.32	3.49003
12.33	3.48975
12.34	3.48949
12.35	3.48924
12.36	3.489
12.37	3.48877
12.38	3.48856
12.39	3.48835
12.4	3.48816
12.41	3.48798
12.42	3.48781
12.43	3.48766
12.44	3.48752
12.45	3.48739
12.46	3.48727
12.47	3.48716
12.48	3.48707
12.49	3.48699
12.5	3.48691
12.51	3.48685
12.52	3.48681
12.53	3.48677
12.54	3.48674
12.55	3.48673
12.56	3.48672
12.57	3.48673
12.58	3.48675
12.59	3.48677
12.6	3.48681
12.61	3.48685
12.62	3.48691
12.63	3.48697
12.64	3.48705
12.65	3.48713
12.66	3.48722
12.67	3.48731
12.68	3.48742
12.69	3.48753
12.7	3.48765
12.71	3.48778
12.72	3.48791
12.73	3.48805
12.74	3.48819
12.75	3.48835
12.76	3.4885
12.77	3.48867
12.78	3.48884
12.79	3.48901
12.8	3.48919
12.81	3.48937
12.82	3.48956
12.83	3.48975
12.84	3.48994
12.85	3.49014
12.86	3.49034
12.87	3.49055
12.88	3.49076
12.89	3.49097
12.9	3.49119
12.91	3.4914
12.92	3.49162
12.93	3.49185
12.94	3.49207
12.95	3.4923
12.96	3.49253
12.97	3.49276
12.98	3.49299
12.99	3.49322
13	3.49346
13.01	3.49369
13.02	3.49393
13.03	3.49417
13.04	3.49441
13.05	3.49465
13.06	3.4949
13.07	3.49514
13.08	3.49538
13.09	3.49563
13.1	3.49587
13.11	3.49612
13.12	3.49636
13.13	3.49661
13.14	3.49686
13.15	3.49711
13.16	3.49735
13.17	3.4976
13.18	3.49785
13.19	3.4981
13.2	3.49835
13.21	3.4986
13.22	3.49885
13.23	3.4991
13.24	3.49935
13.25	3.4996
13.26	3.49985
13.27	3.5001
13.28	3.50035
13.29	3.5006
13.3	3.50085
13.31	3.5011
13.32	3.50135
13.33	3.5016
13.34	3.50185
13.35	3.5021
13.36	3.50235
13.37	3.50259
13.38	3.50284
13.39	3.50309
13.4	3.50334
13.41	3.50359
13.42	3.50383
13.43	3.50408
13.44	3.50433
13.45	3.50457
13.46	3.50482
13.47	3.50506
13.48	3.5053
13.49	3.50555
13.5	3.50579
13.51	3.50603
13.52	3.50627
13.53	3.5065
13.54	3.50674
13.55	3.50698
13.56	3.50721
13.57	3.50744
13.58	3.50767
13.59	3.5079
13.6	3.50813
13.61	3.50835
13.62	3.50858
13.63	3.5088
13.64	3.50901
13.65	3.50923
13.66	3.50944
13.67	3.50965
13.68	3.50985
13.69	3.51006
13.7	3.51026
13.71	3.51045
13.72	3.51064
13.73	3.51083
13.74	3.51101
13.75	3.51119
13.76	3.51136
13.77	3.51153
13.78	3.51169
13.79	3.51185
13.8	3.512
13.81	3.51214
13.82	3.51228
13.83	3.51241
13.84	3.51254
13.85	3.51266
13.86	3.51277
13.87	3.51287
13.88	3.51297
13.89	3.51306
13.9	3.51314
13.91	3.51321
13.92	3.51327
13.93	3.51332
13.94	3.51336
13.95	3.5134
13.96	3.51342
13.97	3.51344
13.98	3.51344
13.99	3.51344
14	3.51342
14.01	3.51339
14.02	3.51335
14.03	3.5133
14.04	3.51324
14.05	3.51317
14.06	3.51308
14.07	3.51298
14.08	3.51288
14.09	3.51275
14.1	3.51262
14.11	3.51248
14.12	3.51232
14.13	3.51215
14.14	3.51197
14.15	3.51177
14.16	3.51157
14.17	3.51135
14.18	3.51112
14.19	3.51088
14.2	3.51062
14.21	3.51035
14.22	3.51008
14.23	3.50979
14.24	3.50949
14.25	3.50918
14.26	3.50886
14.27	3.50852
14.28	3.50818
14.29	3.50783
14.3	3.50747
14.31	3.5071
14.32	3.50672
14.33	3.50633
14.34	3.50594
14.35	3.50554
14.36	3.50513
14.37	3.50471
14.38	3.50429
14.39	3.50386
14.4	3.50343
14.41	3.503
14.42	3.50256
14.43	3.50211
14.44	3.50167
14.45	3.50122
14.46	3.50077
14.47	3.50032
14.48	3.49987
14.49	3.49942
14.5	3.49897
14.51	3.49853
14.52	3.49808
14.53	3.49764
14.54	3.4972
14.55	3.49676
14.56	3.49633
14.57	3.4959
14.58	3.49548
14.59	3.49507
14.6	3.49466
14.61	3.49426
14.62	3.49386
14.63	3.49347
14.64	3.49309
14.65	3.49272
14.66	3.49236
14.67	3.49201
14.68	3.49167
14.69	3.49133
14.7	3.49101
14.71	3.4907
14.72	3.4904
14.73	3.49011
14.74	3.48983
14.75	3.48956
14.76	3.48931
14.77	3.48907
14.78	3.48883
14.79	3.48862
14.8	3.48841
14.81	3.48821
14.82	3.48803
14.83	3.48786
14.84	3.4877
14.85	3.48756
14.86	3.48742
14.87	3.4873
14.88	3.48719
14.89	3.48709
14.9	3.48701
14.91	3.48693
14.92	3.48687
14.93	3.48682
14.94	3.48678
14.95	3.48675
14.96	3.48673
14.97	3.48673
14.98	3.48673
14.99	3.48674
15	3.48676
15.01	3.4868
15.02	3.48684
15.03	3.48689
15.04	3.48695
15.05	3.48702
15.06	3.4871
15.07	3.48719
15.08	3.48728
15.09	3.48739
15.1	3.4875
15.11	3.48761
15.12	3.48774
15.13	3.48787
15.14	3.48801
15.15	3.48815
15.16	3.4883
15.17	3.48846
15.18	3.48862
15.19	3.48879
15.2	3.48896
15.21	3.48914
15.22	3.48932
15.23	3.4895
15.24	3.48969
15.25	3.48989
15.26	3.49008
15.27	3.49029
15.28	3.49049
15.29	3.4907
15.3	3.49091
15.31	3.49112
15.32	3.49134
15.33	3.49156
15.34	3.49178
15.35	3.49201
15.36	3.49223
15.37	3.49246
15.38	3.49269
15.39	3.49292
15.4	3.49316
15.41	3.49339
15.42	3.49363
15.43	3.49386
15.44	3.4941
15.45	3.49434
15.46	3.49458
15.47	3.49483
15.48	3.49507
15.49	3.49531
15.5	3.49556
15.51	3.4958
15.52	3.49605
15.53	3.49629
15.54	3.49654
15.55	3.49679
15.56	3.49703
15.57	3.49728
15.58	3.49753
15.59	3.49778
15.6	3.49803
15.61	3.49828
15.62	3.49853
15.63	3.49878
15.64	3.49903
15.65	3.49928
15.66	3.49953
15.67	3.49978
15.68	3.50003
15.69	3.50028
15.7	3.50053
15.71	3.50078
15.72	3.50103
15.73	3.50128
15.74	3.50153
15.75	3.50178
15.76	3.50202
15.77	3.50227
15.78	3.50252
15.79	3.50277
15.8	3.50302
15.81	3.50327
15.82	3.50352
15.83	3.50376
15.84	3.50401
15.85	3.50426
15.86	3.5045
15.87	3.50475
15.88	3.50499
15.89	3.50523
15.9	3.50548
15.91	3.50572
15.92	3.50596
15.93	3.5062
15.94	3.50644
15.95	3.50667
15.96	3.50691
15.97	3.50714
15.98	3.50738
15.99	3.50761
16	3.50784
16.01	3.50806
16.02	3.50829
16.03	3.50851
16.04	3.50873
16.05	3.50895
16.06	3.50917
16.07	3.50938
16.08	3.50959
16.09	3.5098
16.1	3.51
16.11	3.5102
16.12	3.51039
16.13	3.51059
16.14	3.51077
16.15	3.51096
16.16	3.51114
16.17	3.51131
16.18	3.51148
16.19	3.51164
16.2	3.5118
16.21	3.51196
16.22	3.5121
16.23	3.51224
16.24	3.51238
16.25	3.5125
16.26	3.51262
16.27	3.51274
16.28	3.51284
16.29	3.51294
16.3	3.51303
16.31	3.51311
16.32	3.51319
16.33	3.51325
16.34	3.51331
16.35	3.51335
16.36	3.51339
16.37	3.51342
16.38	3.51343
16.39	3.51344
16.4	3.51344
16.41	3.51342
16.42	3.5134
16.43	3.51336
16.44	3.51332
16.45	3.51326
16.46	3.51319
16.47	3.51311
16.48	3.51301
16.49	3.51291
16.5	3.51279
16.51	3.51266
16.52	3.51252
16.53	3.51237
16.54	3.5122
16.55	3.51202
16.56	3.51183
16.57	3.51163
16.58	3.51141
16.59	3.51119
16.6	3.51095
16.61	3.51069
16.62	3.51043
16.63	3.51016
16.64	3.50987
16.65	3.50958
16.66	3.50927
16.67	3.50895
16.68	3.50862
16.69	3.50828
16.7	3.50793
16.71	3.50757
16.72	3.5072
16.73	3.50683
16.74	3.50644
16.75	3.50605
16.76	3.50565
16.77	3.50524
16.78	3.50483
16.79	3.50441
16.8	3.50399
16.81	3.50356
16.82	3.50312
16.83	3.50268
16.84	3.50224
16.85	3.5018
16.86	3.50135
16.87	3.5009
16.88	3.50045
16.89	3.5
16.9	3.49955
16.91	3.4991
16.92	3.49865
16.93	3.49821
16.94	3.49777
16.95	3.49732
16.96	3.49689
16.97	3.49645
16.98	3.49603
16.99	3.4956
17	3.49519
17.01	3.49477
17.02	3.49437
17.03	3.49397
17.04	3.49358
17.05	3.4932
17.06	3.49283
17.07	3.49246
17.08	3.49211
17.09	3.49176
17.1	3.49143
17.11	3.4911
17.12	3.49079
17.13	3.49048
17.14	3.49019
17.15	3.48991
17.16	3.48964
17.17	3.48938
17.18	3.48913
17.19	3.4889
17.2	3.48868
17.21	3.48847
17.22	3.48827
17.23	3.48808
17.24	3.48791
17.25	3.48775
17.26	3.4876
17.27	3.48746
17.28	3.48733
17.29	3.48722
17.3	3.48712
17.31	3.48703
17.32	3.48695
17.33	3.48689
17.34	3.48683
17.35	3.48679
17.36	3.48676
17.37	3.48674
17.38	3.48673
17.39	3.48673
17.4	3.48674
17.41	3.48676
17.42	3.48679
17.43	3.48683
17.44	3.48688
17.45	3.48694
17.46	3.487
17.47	3.48708
17.48	3.48716
17.49	3.48726
17.5	3.48736
17.51	3.48746
17.52	3.48758
17.53	3.4877
17.54	3.48783
17.55	3.48797
17.56	3.48811
17.57	3.48826
17.58	3.48841
17.59	3.48857
17.6	3.48874
17.61	3.48891
17.62	3.48908
17.63	3.48926
17.64	3.48945
17.65	3.48964
17.66	3.48983
17.67	3.49003
17.68	3.49023
17.69	3.49043
17.7	3.49064
17.71	3.49085
17.72	3.49106
17.73	3.49128
17.74	3.4915
17.75	3.49172
17.76	3.49194
17.77	3.49217
17.78	3.49239
17.79	3.49262
17.8	3.49286
17.81	3.49309
17.82	3.49332
17.83	3.49356
17.84	3.4938
17.85	3.49403
17.86	3.49427
17.87	3.49451
17.88	3.49476
17.89	3.495
17.9	3.49524
17.91	3.49549
17.92	3.49573
17.93	3.49598
17.94	3.49622
17.95	3.49647
17.96	3.49672
17.97	3.49696
17.98	3.49721
17.99	3.49746
18	3.49771
18.01	3.49796
18.02	3.49821
18.03	3.49846
18.04	3.49871
18.05	3.49896
18.06	3.49921
18.07	3.49945
18.08	3.4997
18.09	3.49995
18.1	3.5002
18.11	3.50045
18.12	3.5007
18.13	3.50095
18.14	3.5012
18.15	3.50145
18.16	3.5017
18.17	3.50195
18.18	3.5022
18.19	3.50245
18.2	3.5027
18.21	3.50295
18.22	3.5032
18.23	3.50344
18.24	3.50369
18.25	3.50394
18.26	3.50418
18.27	3.50443
18.28	3.50468
18.29	3.50492
18.3	3.50516
18.31	3.50541
18.32	3.50565
18.33	3.50589
18.34	3.50613
18.35	3.50637
18.36	3.50661
18.37	3.50684
18.38	3.50708
18.39	3.50731
18.4	3.50754
18.41	3.50777
18.42	3.508
18.43	3.50823
18.44	3.50845
18.45	3.50867
18.46	3.50889
18.47	3.50911
18.48	3.50932
18.49	3.50953
18.5	3.50974
18.51	3.50994
18.52	3.51014
18.53	3.51034
18.54	3.51053
18.55	3.51072
18.56	3.51091
18.57	3.51109
18.58	3.51126
18.59	3.51143
18.6	3.5116
18.61	3.51176
18.62	3.51191
18.63	3.51206
18.64	3.5122
18.65	3.51234
18.66	3.51247
18.67	3.51259
18.68	3.51271
18.69	3.51281
18.7	3.51291
18.71	3.51301
18.72	3.51309
18.73	3.51317
18.74	3.51323
18.75	3.51329
18.76	3.51334
18.77	3.51338
18.78	3.51341
18.79	3.51343
18.8	3.51344
18.81	3.51344
18.82	3.51343
18.83	3.51341
18.84	3.51337
18.85	3.51333
18.86	3.51328
18.87	3.51321
18.88	3.51313
18.89	3.51304
18.9	3.51294
18.91	3.51282
18.92	3.5127
18.93	3.51256
18.94	3.51241
18.95	3.51225
18.96	3.51207
18.97	3.51189
18.98	3.51169
18.99	3.51148
19	3.51125
19.01	3.51102
19.02	3.51077
19.03	3.51051
19.04	3.51024
19.05	3.50996
19.06	3.50966
19.07	3.50936
19.08	3.50904
19.09	3.50871
19.1	3.50838
19.11	3.50803
19.12	3.50768
19.13	3.50731
19.14	3.50694
19.15	3.50655
19.16	3.50616
19.17	3.50577
19.18	3.50536
19.19	3.50495
19.2	3.50453
19.21	3.50411
19.22	3.50368
19.23	3.50325
19.24	3.50281
19.25	3.50237
19.26	3.50192
19.27	3.50148
19.28	3.50103
19.29	3.50058
19.3	3.50013
19.31	3.49968
19.32	3.49923
19.33	3.49878
19.34	3.49834
19.35	3.49789
19.36	3.49745
19.37	3.49701
19.38	3.49658
19.39	3.49615
19.4	3.49572
19.41	3.4953
19.42	3.49489
19.43	3.49449
19.44	3.49409
19.45	3.49369
19.46	3.49331
19.47	3.49293
19.48	3.49257
19.49	3.49221
19.5	3.49186
19.51	3.49152
19.52	3.4912
19.53	3.49088
19.54	3.49057
19.55	3.49027
19.56	3.48999
19.57	3.48972
19.58	3.48945
19.59	3.4892
19.6	3.48897
19.61	3.48874
19.62	3.48853
19.63	3.48832
19.64	3.48813
19.65	3.48796
19.66	3.48779
19.67	3.48764
19.68	3.4875
19.69	3.48737
19.7	3.48725
19.71	3.48715
19.72	3.48706
19.73	3.48697
19.74	3.48691
19.75	3.48685
19.76	3.4868
19.77	3.48677
19.78	3.48674
19.79	3.48673
19.8	3.48673
19.81	3.48673
19.82	3.48675
19.83	3.48678
19.84	3.48682
19.85	3.48686
19.86	3.48692
19.87	3.48698
19.88	3.48706
19.89	3.48714
19.9	3.48723
19.91	3.48733
19.92	3.48743
19.93	3.48755
19.94	3.48767
19.95	3.48779
19.96	3.48793
19.97	3.48807
19.98	3.48822
19.99	3.48837
20	3.48853
20.01	3.48869
20.02	3.48886
20.03	3.48903
20.04	3.48921
20.05	3.4894
20.06	3.48958
20.07	3.48977
20.08	3.48997
20.09	3.49017
20.1	3.49037
20.11	3.49058
20.12	3.49079
20.13	3.491
20.14	3.49122
20.15	3.49143
20.16	3.49165
20.17	3.49188
20.18	3.4921
20.19	3.49233
20.2	3.49256
20.21	3.49279
20.22	3.49302
20.23	3.49326
20.24	3.49349
20.25	3.49373
20.26	3.49397
20.27	3.49421
20.28	3.49445
20.29	3.49469
20.3	3.49493
20.31	3.49517
20.32	3.49542
20.33	3.49566
20.34	3.49591
20.35	3.49615
20.36	3.4964
20.37	3.49665
20.38	3.49689
20.39	3.49714
20.4	3.49739
20.41	3.49764
20.42	3.49789
20.43	3.49814
20.44	3.49838
20.45	3.49863
20.46	3.49888
20.47	3.49913
20.48	3.49938
20.49	3.49963
20.5	3.49988
20.51	3.50013
20.52	3.50038
20.53	3.50063
20.54	3.50088
20.55	3.50113
20.56	3.50138
20.57	3.50163
20.58	3.50188
20.59	3.50213
20.6	3.50238
20.61	3.50263
20.62	3.50288
20.63	3.50313
20.64	3.50337
20.65	3.50362
20.66	3.50387
20.67	3.50411
20.68	3.50436
20.69	3.50461
20.7	3.50485
20.71	3.50509
20.72	3.50534
20.73	3.50558
20.74	3.50582
20.75	3.50606
20.76	3.5063
20.77	3.50654
20.78	3.50677
20.79	3.50701
20.8	3.50724
20.81	3.50748
20.82	3.50771
20.83	3.50793
20.84	3.50816
20.85	3.50839
20.86	3.50861
20.87	3.50883
20.88	3.50904
20.89	3.50926
20.9	3.50947
20.91	3.50968
20.92	3.50988
20.93	3.51008
20.94	3.51028
20.95	3.51048
20.96	3.51067
20.97	3.51085
20.98	3.51103
20.99	3.51121
21	3.51138
21.01	3.51155
21.02	3.51171
21.03	3.51187
21.04	3.51202
21.05	3.51216
21.06	3.5123
21.07	3.51243
21.08	3.51256
21.09	3.51267
21.1	3.51278
21.11	3.51289
21.12	3.51298
21.13	3.51307
21.14	3.51315
21.15	3.51322
21.16	3.51328
21.17	3.51333
21.18	3.51337
21.19	3.5134
21.2	3.51343
21.21	3.51344
21.22	3.51344
21.23	3.51343
21.24	3.51341
21.25	3.51339
21.26	3.51334
21.27	3.51329
21.28	3.51323
21.29	3.51315
21.3	3.51307
21.31	3.51297
21.32	3.51286
21.33	3.51274
21.34	3.5126
21.35	3.51245
21.36	3.5123
21.37	3.51212
21.38	3.51194
21.39	3.51174
21.4	3.51154
21.41	3.51132
21.42	3.51108
21.43	3.51084
21.44	3.51058
21.45	3.51032
21.46	3.51004
21.47	3.50975
21.48	3.50944
21.49	3.50913
21.5	3.50881
21.51	3.50848
21.52	3.50813
21.53	3.50778
21.54	3.50742
21.55	3.50705
21.56	3.50667
21.57	3.50628
21.58	3.50588
21.59	3.50548
21.6	3.50507
21.61	3.50465
21.62	3.50423
21.63	3.5038
21.64	3.50337
21.65	3.50293
21.66	3.50249
21.67	3.50205
21.68	3.50161
21.69	3.50116
21.7	3.50071
21.71	3.50026
21.72	3.49981
21.73	3.49936
21.74	3.49891
21.75	3.49846
21.76	3.49802
21.77	3.49758
21.78	3.49714
21.79	3.4967
21.8	3.49627
21.81	3.49585
21.82	3.49542
21.83	3.49501
21.84	3.4946
21.85	3.4942
21.86	3.49381
21.87	3.49342
21.88	3.49304
21.89	3.49267
21.9	3.49231
21.91	3.49196
21.92	3.49162
21.93	3.49129
21.94	3.49097
21.95	3.49066
21.96	3.49036
21.97	3.49007
21.98	3.48979
21.99	3.48953
22	3.48927
22.01	3.48903
22.02	3.4888
22.03	3.48859
22.04	3.48838
22.05	3.48819
22.06	3.48801
22.07	3.48784
22.08	3.48768
22.09	3.48754
22.1	3.4874
22.11	3.48728
22.12	3.48718
22.13	3.48708
22.14	3.487
22.15	3.48692
22.16	3.48686
22.17	3.48681
22.18	3.48677
22.19	3.48675
22.2	3.48673
22.21	3.48672
22.22	3.48673
22.23	3.48674
22.24	3.48677
22.25	3.4868
22.26	3.48685
22.27	3.4869
22.28	3.48696
22.29	3.48703
22.3	3.48711
22.31	3.4872
22.32	3.4873
22.33	3.4874
22.34	3.48751
22.35	3.48763
22.36	3.48776
22.37	3.48789
22.38	3.48803
22.39	3.48817
22.4	3.48832
22.41	3.48848
22.42	3.48864
22.43	3.48881
22.44	3.48898
22.45	3.48916
22.46	3.48934
22.47	3.48953
22.48	3.48972
22.49	3.48991
22.5	3.49011
22.51	3.49031
22.52	3.49052
22.53	3.49073
22.54	3.49094
22.55	3.49115
22.56	3.49137
22.57	3.49159
22.58	3.49181
22.59	3.49204
22.6	3.49226
22.61	3.49249
22.62	3.49272
22.63	3.49295
22.64	3.49319
22.65	3.49342
22.66	3.49366
22.67	3.4939
22.68	3.49414
22.69	3.49438
22.7	3.49462
22.71	3.49486
22.72	3.4951
22.73	3.49535
22.74	3.49559
22.75	3.49584
22.76	3.49608
22.77	3.49633
22.78	3.49657
22.79	3.49682
22.8	3.49707
22.81	3.49732
22.82	3.49757
22.83	3.49782
22.84	3.49806
22.85	3.49831
22.86	3.49856
22.87	3.49881
22.88	3.49906
22.89	3.49931
22.9	3.49956
22.91	3.49981
22.92	3.50006
22.93	3.50031
22.94	3.50056
22.95	3.50081
22.96	3.50106
22.97	3.50131
22.98	3.50156
22.99	3.50181
23	3.50206
23.01	3.50231
23.02	3.50256
23.03	3.50281
23.04	3.50305
23.05	3.5033
23.06	3.50355
23.07	3.5038
23.08	3.50404
23.09	3.50429
23.1	3.50454
23.11	3.50478
23.12	3.50502
23.13	3.50527
23.14	3.50551
23.15	3.50575
23.16	3.50599
23.17	3.50623
23.18	3.50647
23.19	3.50671
23.2	3.50694
23.21	3.50718
23.22	3.50741
23.23	3.50764
23.24	3.50787
23.25	3.5081
23.26	3.50832
23.27	3.50854
23.28	3.50876
23.29	3.50898
23.3	3.5092
23.31	3.50941
23.32	3.50962
23.33	3.50982
23.34	3.51003
23.35	3.51023
23.36	3.51042
23.37	3.51061
23.38	3.5108
23.39	3.51098
23.4	3.51116
23.41	3.51134
23.42	3.5115
23.43	3.51167
23.44	3.51182
23.45	3.51198
23.46	3.51212
23.47	3.51226
23.48	3.51239
23.49	3.51252
23.5	3.51264
23.51	3.51275
23.52	3.51286
23.53	3.51295
23.54	3.51304
23.55	3.51312
23.56	3.5132
23.57	3.51326
23.58	3.51331
23.59	3.51336
23.6	3.51339
23.61	3.51342
23.62	3.51344
23.63	3.51344
23.64	3.51344
23.65	3.51342
23.66	3.51339
23.67	3.51336
23.68	3.51331
23.69	3.51325
23.7	3.51318
23.71	3.51309
23.72	3.513
23.73	3.51289
23.74	3.51277
23.75	3.51264
23.76	3.5125
23.77	3.51234
23.78	3.51217
23.79	3.51199
23.8	3.5118
23.81	3.5116
23.82	3.51138
23.83	3.51115
23.84	3.51091
23.85	3.51066
23.86	3.51039
23.87	3.51012
23.88	3.50983
23.89	3.50953
23.9	3.50922
23.91	3.5089
23.92	3.50857
23.93	3.50823
23.94	3.50788
23.95	3.50752
23.96	3.50715
23.97	3.50677
23.98	3.50639
23.99	3.506
24	3.50559
24.01	3.50519
24.02	3.50477
24.03	3.50435
24.04	3.50393
24.05	3.50349
24.06	3.50306
24.07	3.50262
24.08	3.50218
24.09	3.50173
24.1	3.50129
24.11	3.50084
24.12	3.50039
24.13	3.49994
24.14	3.49949
24.15	3.49904
24.16	3.49859
24.17	3.49815
24.18	3.4977
24.19	3.49726
24.2	3.49683
24.21	3.49639
24.22	3.49597
24.23	3.49554
24.24	3.49513
24.25	3.49472
24.26	3.49431
24.27	3.49392
24.28	3.49353
24.29	3.49315
24.3	3.49278
24.31	3.49241
24.32	3.49206
24.33	3.49172
24.34	3.49138
24.35	3.49106
24.36	3.49074
24.37	3.49044
24.38	3.49015
24.39	3.48987
24.4	3.4896
24.41	3.48935
24.42	3.4891
24.43	3.48887
24.44	3.48865
24.45	3.48844
24.46	3.48824
24.47	3.48806
24.48	3.48788
24.49	3.48772
24.5	3.48758
24.51	3.48744
24.52	3.48732
24.53	3.48721
24.54	3.48711
24.55	3.48702
24.56	3.48694
24.57	3.48688
24.58	3.48683
24.59	3.48678
24.6	3.48675
24.61	3.48673
24.62	3.48673
24.63	3.48673
24.64	3.48674
24.65	3.48676
24.66	3.48679
24.67	3.48683
24.68	3.48688
24.69	3.48694
24.7	3.48701
24.71	3.48709
24.72	3.48718
24.73	3.48727
24.74	3.48737
24.75	3.48748
24.76	3.4876
24.77	3.48772
24.78	3.48785
24.79	3.48799
24.8	3.48813
24.81	3.48828
24.82	3.48844
24.83	3.4886
24.84	3.48876
24.85	3.48893
24.86	3.48911
24.87	3.48929
24.88	3.48948
24.89	3.48966
24.9	3.48986
24.91	3.49006
24.92	3.49026
24.93	3.49046
24.94	3.49067
24.95	3.49088
24.96	3.49109
24.97	3.49131
24.98	3.49153
24.99	3.49175
