0	-0.495004
0.01	-0.495053
0.02	-0.495102
0.03	-0.495151
0.04	-0.495199
0.05	-0.495247
0.06	-0.495294
0.07	-0.495341
0.08	-0.495388
0.09	-0.495434
0.1	-0.49548
0.11	-0.495525
0.12	-0.49557
0.13	-0.495614
0.14	-0.495658
0.15	-0.495701
0.16	-0.495744
0.17	-0.495786
0.18	-0.495827
0.19	-0.495868
0.2	-0.495908
0.21	-0.495947
0.22	-0.495986
0.23	-0.496024
0.24	-0.496061
0.25	-0.496098
0.26	-0.496134
0.27	-0.496169
0.28	-0.496203
0.29	-0.496236
0.3	-0.496269
0.31	-0.496301
0.32	-0.496332
0.33	-0.496362
0.34	-0.496392
0.35	-0.49642
0.36	-0.496448
0.37	-0.496475
0.38	-0.496501
0.39	-0.496526
0.4	-0.49655
0.41	-0.496573
0.42	-0.496596
0.43	-0.496617
0.44	-0.496638
0.45	-0.496657
0.46	-0.496676
0.47	-0.496694
0.48	-0.496711
0.49	-0.496727
0.5	-0.496742
0.51	-0.496756
0.52	-0.49677
0.53	-0.496782
0.54	-0.496794
0.55	-0.496804
0.56	-0.496814
0.57	-0.496823
0.58	-0.496831
0.59	-0.496838
0.6	-0.496844
0.61	-0.496849
0.62	-0.496853
0.63	-0.496857
0.64	-0.496859
0.65	-0.496861
0.66	-0.496862
0.67	-0.496862
0.68	-0.496861
0.69	-0.496859
0.7	-0.496856
0.71	-0.496853
0.72	-0.496849
0.73	-0.496844
0.74	-0.496838
0.75	-0.496831
0.76	-0.496824
0.77	-0.496816
0.78	-0.496807
0.79	-0.496797
0.8	-0.496787
0.81	-0.496775
0.82	-0.496763
0.83	-0.496751
0.84	-0.496737
0.85	-0.496723
0.86	-0.496709
0.87	-0.496693
0.88	-0.496677
0.89	-0.49666
0.9	-0.496643
0.91	-0.496625
0.92	-0.496606
0.93	-0.496587
0.94	-0.496567
0.95	-0.496547
0.96	-0.496526
0.97	-0.496504
0.98	-0.496482
0.99	-0.496459
1	-0.496436
1.01	-0.496412
1.02	-0.496388
1.03	-0.496363
1.04	-0.496338
1.05	-0.496312
1.06	-0.496286
1.07	-0.496259
1.08	-0.496232
1.09	-0.496204
1.1	-0.496176
1.11	-0.496148
1.12	-0.496119
1.13	-0.49609
1.14	-0.49606
1.15	-0.49603
1.16	-0.496
1.17	-0.495969
1.18	-0.495938
1.19	-0.495906
1.2	-0.495875
1.21	-0.495843
1.22	-0.49581
1.23	-0.495777
1.24	-0.495745
1.25	-0.495711
1.26	-0.495678
1.27	-0.495644
1.28	-0.49561
1.29	-0.495576
1.3	-0.495541
1.31	-0.495506
1.32	-0.495471
1.33	-0.495436
1.34	-0.495401
1.35	-0.495365
1.36	-0.495329
1.37	-0.495294
1.38	-0.495257
1.39	-0.495221
1.4	-0.495185
1.41	-0.495148
1.42	-0.495112
1.43	-0.495075
1.44	-0.495038
1.45	-0.495001
1.46	-0.494964
1.47	-0.494926
1.48	-0.494889
1.49	-0.494852
1.5	-0.494814
1.51	-0.494777
1.52	-0.494739
1.53	-0.494701
1.54	-0.494664
1.55	-0.494626
1.56	-0.494588
1.57	-0.494551
1.58	-0.494513
1.59	-0.494475
1.6	-0.494437
1.61	-0.4944
1.62	-0.494362
1.63	-0.494324
1.64	-0.494286
1.65	-0.494249
1.66	-0.494211
1.67	-0.494174
1.68	-0.494136
1.69	-0.494099
1.7	-0.494061
1.71	-0.494024
1.72	-0.493987
1.73	-0.49395
1.74	-0.493913
1.75	-0.493876
1.76	-0.49384
1.77	-0.493803
1.78	-0.493767
1.79	-0.49373
1.8	-0.493694
1.81	-0.493658
1.82	-0.493623
1.83	-0.493587
1.84	-0.493552
1.85	-0.493516
1.86	-0.493481
1.87	-0.493447
1.88	-0.493412
1.89	-0.493378
1.9	-0.493344
1.91	-0.49331
1.92	-0.493276
1.93	-0.493243
1.94	-0.49321
1.95	-0.493178
1.96	-0.493145
1.97	-0.493113
1.98	-0.493081
1.99	-0.49305
2	-0.493019
2.01	-0.492988
2.02	-0.492958
2.03	-0.492928
2.04	-0.492898
2.05	-0.492869
2.06	-0.49284
2.07	-0.492811
2.08	-0.492783
2.09	-0.492756
2.1	-0.492728
2.11	-0.492702
2.12	-0.492675
2.13	-0.49265
2.14	-0.492624
2.15	-0.4926
2.16	-0.492575
2.17	-0.492551
2.18	-0.492528
2.19	-0.492505
2.2	-0.492483
2.21	-0.492462
2.22	-0.492441
2.23	-0.49242
2.24	-0.4924
2.25	-0.492381
2.26	-0.492362
2.27	-0.492344
2.28	-0.492327
2.29	-0.49231
2.3	-0.492294
2.31	-0.492278
2.32	-0.492264
2.33	-0.492249
2.34	-0.492236
2.35	-0.492223
2.36	-0.492211
2.37	-0.4922
2.38	-0.49219
2.39	-0.49218
2.4	-0.492171
2.41	-0.492163
2.42	-0.492155
2.43	-0.492149
2.44	-0.492143
2.45	-0.492138
2.46	-0.492134
2.47	-0.49213
2.48	-0.492127
2.49	-0.492126
2.5	-0.492125
2.51	-0.492125
2.52	-0.492125
2.53	-0.492127
2.54	-0.49213
2.55	-0.492133
2.56	-0.492137
2.57	-0.492142
2.58	-0.492148
2.59	-0.492155
2.6	-0.492163
2.61	-0.492172
2.62	-0.492182
2.63	-0.492192
2.64	-0.492204
2.65	-0.492216
2.66	-0.492229
2.67	-0.492243
2.68	-0.492258
2.69	-0.492274
2.7	-0.492291
2.71	-0.492309
2.72	-0.492328
2.73	-0.492348
2.74	-0.492368
2.75	-0.49239
2.76	-0.492412
2.77	-0.492435
2.78	-0.492459
2.79	-0.492484
2.8	-0.49251
2.81	-0.492537
2.82	-0.492565
2.83	-0.492593
2.84	-0.492623
2.85	-0.492653
2.86	-0.492684
2.87	-0.492716
2.88	-0.492748
2.89	-0.492782
2.9	-0.492816
2.91	-0.492851
2.92	-0.492887
2.93	-0.492923
2.94	-0.49296
2.95	-0.492998
2.96	-0.493037
2.97	-0.493076
2.98	-0.493116
2.99	-0.493157
3	-0.493198
3.01	-0.49324
3.02	-0.493283
3.03	-0.493326
3.04	-0.49337
3.05	-0.493414
3.06	-0.493459
3.07	-0.493504
3.08	-0.49355
3.09	-0.493596
3.1	-0.493643
3.11	-0.49369
3.12	-0.493737
3.13	-0.493785
3.14	-0.493833
3.15	-0.493882
3.16	-0.49393
3.17	-0.493979
3.18	-0.494029
3.19	-0.494078
3.2	-0.494128
3.21	-0.494178
3.22	-0.494228
3.23	-0.494279
3.24	-0.494329
3.25	-0.494379
3.26	-0.49443
3.27	-0.49448
3.28	-0.494531
3.29	-0.494582
3.3	-0.494632
3.31	-0.494682
3.32	-0.494733
3.33	-0.494783
3.34	-0.494833
3.35	-0.494883
3.36	-0.494933
3.37	-0.494982
3.38	-0.495031
3.39	-0.49508
3.4	-0.495129
3.41	-0.495177
3.42	-0.495225
3.43	-0.495273
3.44	-0.49532
3.45	-0.495367
3.46	-0.495414
3.47	-0.49546
3.48	-0.495505
3.49	-0.49555
3.5	-0.495595
3.51	-0.495639
3.52	-0.495682
3.53	-0.495725
3.54	-0.495767
3.55	-0.495809
3.56	-0.49585
3.57	-0.49589
3.58	-0.49593
3.59	-0.495969
3.6	-0.496007
3.61	-0.496045
3.62	-0.496081
3.63	-0.496118
3.64	-0.496153
3.65	-0.496188
3.66	-0.496221
3.67	-0.496254
3.68	-0.496287
3.69	-0.496318
3.7	-0.496349
3.71	-0.496379
3.72	-0.496407
3.73	-0.496436
3.74	-0.496463
3.75	-0.496489
3.76	-0.496515
3.77	-0.496539
3.78	-0.496563
3.79	-0.496586
3.8	-0.496608
3.81	-0.496629
3.82	-0.496649
3.83	-0.496668
3.84	-0.496686
3.85	-0.496704
3.86	-0.49672
3.87	-0.496736
3.88	-0.49675
3.89	-0.496764
3.9	-0.496777
3.91	-0.496789
3.92	-0.4968
3.93	-0.49681
3.94	-0.496819
3.95	-0.496827
3.96	-0.496835
3.97	-0.496841
3.98	-0.496847
3.99	-0.496851
4	-0.496855
4.01	-0.496858
4.02	-0.49686
4.03	-0.496861
4.04	-0.496862
4.05	-0.496861
4.06	-0.49686
4.07	-0.496858
4.08	-0.496855
4.09	-0.496851
4.1	-0.496846
4.11	-0.496841
4.12	-0.496834
4.13	-0.496827
4.14	-0.496819
4.15	-0.496811
4.16	-0.496801
4.17	-0.496791
4.18	-0.496781
4.19	-0.496769
4.2	-0.496757
4.21	-0.496744
4.22	-0.49673
4.23	-0.496715
4.24	-0.4967
4.25	-0.496684
4.26	-0.496668
4.27	-0.496651
4.28	-0.496633
4.29	-0.496615
4.3	-0.496596
4.31	-0.496576
4.32	-0.496556
4.33	-0.496535
4.34	-0.496514
4.35	-0.496492
4.36	-0.496469
4.37	-0.496446
4.38	-0.496423
4.39	-0.496399
4.4	-0.496374
4.41	-0.496349
4.42	-0.496324
4.43	-0.496298
4.44	-0.496271
4.45	-0.496244
4.46	-0.496217
4.47	-0.496189
4.48	-0.496161
4.49	-0.496132
4.5	-0.496103
4.51	-0.496073
4.52	-0.496044
4.53	-0.496013
4.54	-0.495983
4.55	-0.495952
4.56	-0.495921
4.57	-0.495889
4.58	-0.495857
4.59	-0.495825
4.6	-0.495792
4.61	-0.495759
4.62	-0.495726
4.63	-0.495693
4.64	-0.495659
4.65	-0.495625
4.66	-0.495591
4.67	-0.495557
4.68	-0.495522
4.69	-0.495487
4.7	-0.495452
4.71	-0.495417
4.72	-0.495381
4.73	-0.495345
4.74	-0.49531
4.75	-0.495274
4.76	-0.495237
4.77	-0.495201
4.78	-0.495165
4.79	-0.495128
4.8	-0.495091
4.81	-0.495054
4.82	-0.495017
4.83	-0.49498
4.84	-0.494943
4.85	-0.494906
4.86	-0.494868
4.87	-0.494831
4.88	-0.494794
4.89	-0.494756
4.9	-0.494718
4.91	-0.494681
4.92	-0.494643
4.93	-0.494605
4.94	-0.494567
4.95	-0.49453
4.96	-0.494492
4.97	-0.494454
4.98	-0.494416
4.99	-0.494379
5	-0.494341
5.01	-0.494303
5.02	-0.494266
5.03	-0.494228
5.04	-0.49419
5.05	-0.494153
5.06	-0.494115
5.07	-0.494078
5.08	-0.494041
5.09	-0.494004
5.1	-0.493967
5.11	-0.49393
5.12	-0.493893
5.13	-0.493856
5.14	-0.493819
5.15	-0.493783
5.16	-0.493747
5.17	-0.49371
5.18	-0.493674
5.19	-0.493639
5.2	-0.493603
5.21	-0.493567
5.22	-0.493532
5.23	-0.493497
5.24	-0.493462
5.25	-0.493428
5.26	-0.493393
5.27	-0.493359
5.28	-0.493325
5.29	-0.493291
5.3	-0.493258
5.31	-0.493225
5.32	-0.493192
5.33	-0.49316
5.34	-0.493127
5.35	-0.493095
5.36	-0.493064
5.37	-0.493033
5.38	-0.493002
5.39	-0.492971
5.4	-0.492941
5.41	-0.492911
5.42	-0.492882
5.43	-0.492853
5.44	-0.492824
5.45	-0.492796
5.46	-0.492768
5.47	-0.492741
5.48	-0.492714
5.49	-0.492687
5.5	-0.492661
5.51	-0.492636
5.52	-0.492611
5.53	-0.492586
5.54	-0.492562
5.55	-0.492538
5.56	-0.492516
5.57	-0.492493
5.58	-0.492471
5.59	-0.49245
5.6	-0.492429
5.61	-0.492409
5.62	-0.492389
5.63	-0.49237
5.64	-0.492352
5.65	-0.492334
5.66	-0.492317
5.67	-0.492301
5.68	-0.492285
5.69	-0.49227
5.7	-0.492256
5.71	-0.492242
5.72	-0.492229
5.73	-0.492217
5.74	-0.492205
5.75	-0.492194
5.76	-0.492184
5.77	-0.492175
5.78	-0.492166
5.79	-0.492159
5.8	-0.492152
5.81	-0.492145
5.82	-0.49214
5.83	-0.492135
5.84	-0.492132
5.85	-0.492129
5.86	-0.492126
5.87	-0.492125
5.88	-0.492125
5.89	-0.492125
5.9	-0.492126
5.91	-0.492128
5.92	-0.492131
5.93	-0.492135
5.94	-0.49214
5.95	-0.492146
5.96	-0.492152
5.97	-0.49216
5.98	-0.492168
5.99	-0.492177
6	-0.492187
6.01	-0.492198
6.02	-0.49221
6.03	-0.492223
6.04	-0.492237
6.05	-0.492252
6.06	-0.492267
6.07	-0.492284
6.08	-0.492301
6.09	-0.492319
6.1	-0.492339
6.11	-0.492359
6.12	-0.49238
6.13	-0.492402
6.14	-0.492425
6.15	-0.492448
6.16	-0.492473
6.17	-0.492499
6.18	-0.492525
6.19	-0.492552
6.2	-0.49258
6.21	-0.492609
6.22	-0.492639
6.23	-0.49267
6.24	-0.492701
6.25	-0.492734
6.26	-0.492767
6.27	-0.4928
6.28	-0.492835
6.29	-0.492871
6.3	-0.492907
6.31	-0.492944
6.32	-0.492981
6.33	-0.49302
6.34	-0.493059
6.35	-0.493098
6.36	-0.493139
6.37	-0.49318
6.38	-0.493221
6.39	-0.493264
6.4	-0.493307
6.41	-0.49335
6.42	-0.493394
6.43	-0.493439
6.44	-0.493484
6.45	-0.493529
6.46	-0.493575
6.47	-0.493622
6.48	-0.493668
6.49	-0.493716
6.5	-0.493763
6.51	-0.493811
6.52	-0.49386
6.53	-0.493908
6.54	-0.493957
6.55	-0.494007
6.56	-0.494056
6.57	-0.494106
6.58	-0.494156
6.59	-0.494206
6.6	-0.494256
6.61	-0.494306
6.62	-0.494357
6.63	-0.494407
6.64	-0.494458
6.65	-0.494508
6.66	-0.494559
6.67	-0.494609
6.68	-0.49466
6.69	-0.49471
6.7	-0.494761
6.71	-0.494811
6.72	-0.494861
6.73	-0.49491
6.74	-0.49496
6.75	-0.495009
6.76	-0.495058
6.77	-0.495107
6.78	-0.495156
6.79	-0.495204
6.8	-0.495252
6.81	-0.495299
6.82	-0.495346
6.83	-0.495393
6.84	-0.495439
6.85	-0.495485
6.86	-0.49553
6.87	-0.495575
6.88	-0.495619
6.89	-0.495663
6.9	-0.495706
6.91	-0.495748
6.92	-0.49579
6.93	-0.495831
6.94	-0.495872
6.95	-0.495912
6.96	-0.495951
6.97	-0.49599
6.98	-0.496028
6.99	-0.496065
7	-0.496102
7.01	-0.496137
7.02	-0.496172
7.03	-0.496206
7.04	-0.49624
7.05	-0.496272
7.06	-0.496304
7.07	-0.496335
7.08	-0.496365
7.09	-0.496395
7.1	-0.496423
7.11	-0.496451
7.12	-0.496477
7.13	-0.496503
7.14	-0.496528
7.15	-0.496552
7.16	-0.496576
7.17	-0.496598
7.18	-0.496619
7.19	-0.49664
7.2	-0.496659
7.21	-0.496678
7.22	-0.496696
7.23	-0.496713
7.24	-0.496729
7.25	-0.496744
7.26	-0.496758
7.27	-0.496771
7.28	-0.496783
7.29	-0.496795
7.3	-0.496805
7.31	-0.496815
7.32	-0.496824
7.33	-0.496831
7.34	-0.496838
7.35	-0.496844
7.36	-0.496849
7.37	-0.496854
7.38	-0.496857
7.39	-0.496859
7.4	-0.496861
7.41	-0.496862
7.42	-0.496862
7.43	-0.496861
7.44	-0.496859
7.45	-0.496856
7.46	-0.496853
7.47	-0.496848
7.48	-0.496843
7.49	-0.496837
7.5	-0.496831
7.51	-0.496823
7.52	-0.496815
7.53	-0.496806
7.54	-0.496796
7.55	-0.496785
7.56	-0.496774
7.57	-0.496762
7.58	-0.496749
7.59	-0.496736
7.6	-0.496722
7.61	-0.496707
7.62	-0.496692
7.63	-0.496675
7.64	-0.496659
7.65	-0.496641
7.66	-0.496623
7.67	-0.496604
7.68	-0.496585
7.69	-0.496565
7.7	-0.496545
7.71	-0.496523
7.72	-0.496502
7.73	-0.49648
7.74	-0.496457
7.75	-0.496434
7.76	-0.49641
7.77	-0.496385
7.78	-0.49636
7.79	-0.496335
7.8	-0.496309
7.81	-0.496283
7.82	-0.496256
7.83	-0.496229
7.84	-0.496201
7.85	-0.496173
7.86	-0.496145
7.87	-0.496116
7.88	-0.496087
7.89	-0.496057
7.9	-0.496027
7.91	-0.495996
7.92	-0.495966
7.93	-0.495935
7.94	-0.495903
7.95	-0.495871
7.96	-0.495839
7.97	-0.495807
7.98	-0.495774
7.99	-0.495741
8	-0.495708
8.01	-0.495674
8.02	-0.49564
8.03	-0.495606
8.04	-0.495572
8.05	-0.495537
8.06	-0.495503
8.07	-0.495468
8.08	-0.495432
8.09	-0.495397
8.1	-0.495361
8.11	-0.495326
8.12	-0.49529
8.13	-0.495254
8.14	-0.495217
8.15	-0.495181
8.16	-0.495144
8.17	-0.495108
8.18	-0.495071
8.19	-0.495034
8.2	-0.494997
8.21	-0.49496
8.22	-0.494923
8.23	-0.494885
8.24	-0.494848
8.25	-0.49481
8.26	-0.494773
8.27	-0.494735
8.28	-0.494698
8.29	-0.49466
8.3	-0.494622
8.31	-0.494584
8.32	-0.494547
8.33	-0.494509
8.34	-0.494471
8.35	-0.494433
8.36	-0.494396
8.37	-0.494358
8.38	-0.49432
8.39	-0.494282
8.4	-0.494245
8.41	-0.494207
8.42	-0.49417
8.43	-0.494132
8.44	-0.494095
8.45	-0.494058
8.46	-0.49402
8.47	-0.493983
8.48	-0.493946
8.49	-0.493909
8.5	-0.493872
8.51	-0.493836
8.52	-0.493799
8.53	-0.493763
8.54	-0.493727
8.55	-0.493691
8.56	-0.493655
8.57	-0.493619
8.58	-0.493583
8.59	-0.493548
8.6	-0.493513
8.61	-0.493478
8.62	-0.493443
8.63	-0.493409
8.64	-0.493374
8.65	-0.49334
8.66	-0.493307
8.67	-0.493273
8.68	-0.49324
8.69	-0.493207
8.7	-0.493174
8.71	-0.493142
8.72	-0.49311
8.73	-0.493078
8.74	-0.493047
8.75	-0.493015
8.76	-0.492985
8.77	-0.492954
8.78	-0.492924
8.79	-0.492895
8.8	-0.492866
8.81	-0.492837
8.82	-0.492808
8.83	-0.49278
8.84	-0.492753
8.85	-0.492726
8.86	-0.492699
8.87	-0.492673
8.88	-0.492647
8.89	-0.492622
8.9	-0.492597
8.91	-0.492573
8.92	-0.492549
8.93	-0.492526
8.94	-0.492503
8.95	-0.492481
8.96	-0.492459
8.97	-0.492438
8.98	-0.492418
8.99	-0.492398
9	-0.492379
9.01	-0.49236
9.02	-0.492342
9.03	-0.492325
9.04	-0.492308
9.05	-0.492292
9.06	-0.492277
9.07	-0.492262
9.08	-0.492248
9.09	-0.492235
9.1	-0.492222
9.11	-0.49221
9.12	-0.492199
9.13	-0.492189
9.14	-0.492179
9.15	-0.49217
9.16	-0.492162
9.17	-0.492155
9.18	-0.492148
9.19	-0.492142
9.2	-0.492137
9.21	-0.492133
9.22	-0.49213
9.23	-0.492127
9.24	-0.492126
9.25	-0.492125
9.26	-0.492125
9.27	-0.492126
9.28	-0.492127
9.29	-0.49213
9.3	-0.492133
9.31	-0.492138
9.32	-0.492143
9.33	-0.492149
9.34	-0.492156
9.35	-0.492164
9.36	-0.492173
9.37	-0.492183
9.38	-0.492193
9.39	-0.492205
9.4	-0.492217
9.41	-0.492231
9.42	-0.492245
9.43	-0.49226
9.44	-0.492276
9.45	-0.492293
9.46	-0.492311
9.47	-0.49233
9.48	-0.49235
9.49	-0.49237
9.5	-0.492392
9.51	-0.492414
9.52	-0.492438
9.53	-0.492462
9.54	-0.492487
9.55	-0.492513
9.56	-0.49254
9.57	-0.492568
9.58	-0.492596
9.59	-0.492626
9.6	-0.492656
9.61	-0.492687
9.62	-0.492719
9.63	-0.492752
9.64	-0.492785
9.65	-0.49282
9.66	-0.492855
9.67	-0.49289
9.68	-0.492927
9.69	-0.492964
9.7	-0.493002
9.71	-0.493041
9.72	-0.493081
9.73	-0.493121
9.74	-0.493161
9.75	-0.493203
9.76	-0.493245
9.77	-0.493287
9.78	-0.493331
9.79	-0.493374
9.8	-0.493419
9.81	-0.493463
9.82	-0.493509
9.83	-0.493554
9.84	-0.493601
9.85	-0.493647
9.86	-0.493695
9.87	-0.493742
9.88	-0.49379
9.89	-0.493838
9.9	-0.493887
9.91	-0.493936
9.92	-0.493985
9.93	-0.494034
9.94	-0.494084
9.95	-0.494133
9.96	-0.494183
9.97	-0.494234
9.98	-0.494284
9.99	-0.494334
10	-0.494385
10.01	-0.494435
10.02	-0.494486
10.03	-0.494536
10.04	-0.494587
10.05	-0.494637
10.06	-0.494688
10.07	-0.494738
10.08	-0.494788
10.09	-0.494838
10.1	-0.494888
10.11	-0.494938
10.12	-0.494987
10.13	-0.495036
10.14	-0.495085
10.15	-0.495134
10.16	-0.495182
10.17	-0.49523
10.18	-0.495278
10.19	-0.495325
10.2	-0.495372
10.21	-0.495418
10.22	-0.495464
10.23	-0.49551
10.24	-0.495555
10.25	-0.495599
10.26	-0.495643
10.27	-0.495686
10.28	-0.495729
10.29	-0.495771
10.3	-0.495813
10.31	-0.495854
10.32	-0.495894
10.33	-0.495934
10.34	-0.495973
10.35	-0.496011
10.36	-0.496048
10.37	-0.496085
10.38	-0.496121
10.39	-0.496157
10.4	-0.496191
10.41	-0.496225
10.42	-0.496258
10.43	-0.49629
10.44	-0.496321
10.45	-0.496352
10.46	-0.496382
10.47	-0.49641
10.48	-0.496438
10.49	-0.496466
10.5	-0.496492
10.51	-0.496517
10.52	-0.496542
10.53	-0.496565
10.54	-0.496588
10.55	-0.49661
10.56	-0.496631
10.57	-0.496651
10.58	-0.49667
10.59	-0.496688
10.6	-0.496705
10.61	-0.496722
10.62	-0.496737
10.63	-0.496752
10.64	-0.496765
10.65	-0.496778
10.66	-0.49679
10.67	-0.496801
10.68	-0.496811
10.69	-0.49682
10.7	-0.496828
10.71	-0.496835
10.72	-0.496842
10.73	-0.496847
10.74	-0.496852
10.75	-0.496855
10.76	-0.496858
10.77	-0.49686
10.78	-0.496861
10.79	-0.496862
10.8	-0.496861
10.81	-0.49686
10.82	-0.496857
10.83	-0.496854
10.84	-0.49685
10.85	-0.496846
10.86	-0.49684
10.87	-0.496834
10.88	-0.496827
10.89	-0.496819
10.9	-0.49681
10.91	-0.4968
10.92	-0.49679
10.93	-0.496779
10.94	-0.496768
10.95	-0.496755
10.96	-0.496742
10.97	-0.496728
10.98	-0.496714
10.99	-0.496699
11	-0.496683
11.01	-0.496666
11.02	-0.496649
11.03	-0.496631
11.04	-0.496613
11.05	-0.496594
11.06	-0.496574
11.07	-0.496554
11.08	-0.496533
11.09	-0.496512
11.1	-0.49649
11.11	-0.496467
11.12	-0.496444
11.13	-0.49642
11.14	-0.496396
11.15	-0.496372
11.16	-0.496347
11.17	-0.496321
11.18	-0.496295
11.19	-0.496268
11.2	-0.496241
11.21	-0.496214
11.22	-0.496186
11.23	-0.496158
11.24	-0.496129
11.25	-0.4961
11.26	-0.49607
11.27	-0.49604
11.28	-0.49601
11.29	-0.49598
11.3	-0.495949
11.31	-0.495917
11.32	-0.495886
11.33	-0.495854
11.34	-0.495821
11.35	-0.495789
11.36	-0.495756
11.37	-0.495723
11.38	-0.495689
11.39	-0.495656
11.4	-0.495622
11.41	-0.495587
11.42	-0.495553
11.43	-0.495518
11.44	-0.495483
11.45	-0.495448
11.46	-0.495413
11.47	-0.495377
11.48	-0.495342
11.49	-0.495306
11.5	-0.49527
11.51	-0.495234
11.52	-0.495197
11.53	-0.495161
11.54	-0.495124
11.55	-0.495087
11.56	-0.495051
11.57	-0.495014
11.58	-0.494976
11.59	-0.494939
11.6	-0.494902
11.61	-0.494865
11.62	-0.494827
11.63	-0.49479
11.64	-0.494752
11.65	-0.494714
11.66	-0.494677
11.67	-0.494639
11.68	-0.494601
11.69	-0.494564
11.7	-0.494526
11.71	-0.494488
11.72	-0.49445
11.73	-0.494412
11.74	-0.494375
11.75	-0.494337
11.76	-0.494299
11.77	-0.494262
11.78	-0.494224
11.79	-0.494186
11.8	-0.494149
11.81	-0.494112
11.82	-0.494074
11.83	-0.494037
11.84	-0.494
11.85	-0.493963
11.86	-0.493926
11.87	-0.493889
11.88	-0.493852
11.89	-0.493816
11.9	-0.493779
11.91	-0.493743
11.92	-0.493707
11.93	-0.493671
11.94	-0.493635
11.95	-0.493599
11.96	-0.493564
11.97	-0.493528
11.98	-0.493493
11.99	-0.493459
12	-0.493424
12.01	-0.49339
12.02	-0.493355
12.03	-0.493322
12.04	-0.493288
12.05	-0.493255
12.06	-0.493222
12.07	-0.493189
12.08	-0.493156
12.09	-0.493124
12.1	-0.493092
12.11	-0.493061
12.12	-0.493029
12.13	-0.492998
12.14	-0.492968
12.15	-0.492938
12.16	-0.492908
12.17	-0.492879
12.18	-0.49285
12.19	-0.492821
12.2	-0.492793
12.21	-0.492765
12.22	-0.492738
12.23	-0.492711
12.24	-0.492684
12.25	-0.492658
12.26	-0.492633
12.27	-0.492608
12.28	-0.492583
12.29	-0.49256
12.3	-0.492536
12.31	-0.492513
12.32	-0.492491
12.33	-0.492469
12.34	-0.492448
12.35	-0.492427
12.36	-0.492407
12.37	-0.492387
12.38	-0.492369
12.39	-0.49235
12.4	-0.492333
12.41	-0.492316
12.42	-0.492299
12.43	-0.492284
12.44	-0.492269
12.45	-0.492254
12.46	-0.492241
12.47	-0.492228
12.48	-0.492215
12.49	-0.492204
12.5	-0.492193
12.51	-0.492183
12.52	-0.492174
12.53	-0.492166
12.54	-0.492158
12.55	-0.492151
12.56	-0.492145
12.57	-0.492139
12.58	-0.492135
12.59	-0.492131
12.6	-0.492128
12.61	-0.492126
12.62	-0.492125
12.63	-0.492125
12.64	-0.492125
12.65	-0.492126
12.66	-0.492129
12.67	-0.492132
12.68	-0.492136
12.69	-0.492141
12.7	-0.492146
12.71	-0.492153
12.72	-0.49216
12.73	-0.492169
12.74	-0.492178
12.75	-0.492188
12.76	-0.4922
12.77	-0.492212
12.78	-0.492225
12.79	-0.492238
12.8	-0.492253
12.81	-0.492269
12.82	-0.492285
12.83	-0.492303
12.84	-0.492321
12.85	-0.492341
12.86	-0.492361
12.87	-0.492382
12.88	-0.492404
12.89	-0.492427
12.9	-0.492451
12.91	-0.492476
12.92	-0.492501
12.93	-0.492528
12.94	-0.492555
12.95	-0.492583
12.96	-0.492612
12.97	-0.492642
12.98	-0.492673
12.99	-0.492705
13	-0.492737
13.01	-0.49277
13.02	-0.492804
13.03	-0.492839
13.04	-0.492874
13.05	-0.492911
13.06	-0.492948
13.07	-0.492985
13.08	-0.493024
13.09	-0.493063
13.1	-0.493103
13.11	-0.493143
13.12	-0.493184
13.13	-0.493226
13.14	-0.493268
13.15	-0.493311
13.16	-0.493355
13.17	-0.493399
13.18	-0.493443
13.19	-0.493488
13.2	-0.493534
13.21	-0.49358
13.22	-0.493626
13.23	-0.493673
13.24	-0.493721
13.25	-0.493768
13.26	-0.493816
13.27	-0.493865
13.28	-0.493914
13.29	-0.493963
13.3	-0.494012
13.31	-0.494061
13.32	-0.494111
13.33	-0.494161
13.34	-0.494211
13.35	-0.494261
13.36	-0.494312
13.37	-0.494362
13.38	-0.494413
13.39	-0.494463
13.4	-0.494514
13.41	-0.494564
13.42	-0.494615
13.43	-0.494665
13.44	-0.494716
13.45	-0.494766
13.46	-0.494816
13.47	-0.494866
13.48	-0.494916
13.49	-0.494965
13.5	-0.495014
13.51	-0.495064
13.52	-0.495112
13.53	-0.495161
13.54	-0.495209
13.55	-0.495257
13.56	-0.495304
13.57	-0.495351
13.58	-0.495398
13.59	-0.495444
13.6	-0.495489
13.61	-0.495535
13.62	-0.495579
13.63	-0.495623
13.64	-0.495667
13.65	-0.49571
13.66	-0.495753
13.67	-0.495794
13.68	-0.495836
13.69	-0.495876
13.7	-0.495916
13.71	-0.495955
13.72	-0.495994
13.73	-0.496032
13.74	-0.496069
13.75	-0.496105
13.76	-0.496141
13.77	-0.496176
13.78	-0.49621
13.79	-0.496243
13.8	-0.496276
13.81	-0.496307
13.82	-0.496338
13.83	-0.496368
13.84	-0.496398
13.85	-0.496426
13.86	-0.496453
13.87	-0.49648
13.88	-0.496506
13.89	-0.496531
13.9	-0.496555
13.91	-0.496578
13.92	-0.4966
13.93	-0.496621
13.94	-0.496642
13.95	-0.496661
13.96	-0.49668
13.97	-0.496698
13.98	-0.496714
13.99	-0.49673
14	-0.496745
14.01	-0.496759
14.02	-0.496772
14.03	-0.496785
14.04	-0.496796
14.05	-0.496806
14.06	-0.496816
14.07	-0.496824
14.08	-0.496832
14.09	-0.496839
14.1	-0.496845
14.11	-0.49685
14.12	-0.496854
14.13	-0.496857
14.14	-0.49686
14.15	-0.496861
14.16	-0.496862
14.17	-0.496861
14.18	-0.49686
14.19	-0.496858
14.2	-0.496856
14.21	-0.496852
14.22	-0.496848
14.23	-0.496843
14.24	-0.496837
14.25	-0.49683
14.26	-0.496822
14.27	-0.496814
14.28	-0.496805
14.29	-0.496795
14.3	-0.496784
14.31	-0.496773
14.32	-0.496761
14.33	-0.496748
14.34	-0.496735
14.35	-0.49672
14.36	-0.496706
14.37	-0.49669
14.38	-0.496674
14.39	-0.496657
14.4	-0.496639
14.41	-0.496621
14.42	-0.496602
14.43	-0.496583
14.44	-0.496563
14.45	-0.496542
14.46	-0.496521
14.47	-0.4965
14.48	-0.496477
14.49	-0.496454
14.5	-0.496431
14.51	-0.496407
14.52	-0.496383
14.53	-0.496358
14.54	-0.496332
14.55	-0.496307
14.56	-0.49628
14.57	-0.496253
14.58	-0.496226
14.59	-0.496199
14.6	-0.49617
14.61	-0.496142
14.62	-0.496113
14.63	-0.496084
14.64	-0.496054
14.65	-0.496024
14.66	-0.495993
14.67	-0.495962
14.68	-0.495931
14.69	-0.4959
14.7	-0.495868
14.71	-0.495836
14.72	-0.495803
14.73	-0.495771
14.74	-0.495738
14.75	-0.495704
14.76	-0.495671
14.77	-0.495637
14.78	-0.495603
14.79	-0.495568
14.8	-0.495534
14.81	-0.495499
14.82	-0.495464
14.83	-0.495429
14.84	-0.495393
14.85	-0.495358
14.86	-0.495322
14.87	-0.495286
14.88	-0.49525
14.89	-0.495214
14.9	-0.495177
14.91	-0.495141
14.92	-0.495104
14.93	-0.495067
14.94	-0.49503
14.95	-0.494993
14.96	-0.494956
14.97	-0.494919
14.98	-0.494881
14.99	-0.494844
15	-0.494806
15.01	-0.494769
15.02	-0.494731
15.03	-0.494694
15.04	-0.494656
15.05	-0.494618
15.06	-0.49458
15.07	-0.494543
15.08	-0.494505
15.09	-0.494467
15.1	-0.494429
15.11	-0.494392
15.12	-0.494354
15.13	-0.494316
15.14	-0.494279
15.15	-0.494241
15.16	-0.494203
15.17	-0.494166
15.18	-0.494128
15.19	-0.494091
15.2	-0.494054
15.21	-0.494016
15.22	-0.493979
15.23	-0.493942
15.24	-0.493905
15.25	-0.493869
15.26	-0.493832
15.27	-0.493795
15.28	-0.493759
15.29	-0.493723
15.3	-0.493687
15.31	-0.493651
15.32	-0.493615
15.33	-0.49358
15.34	-0.493544
15.35	-0.493509
15.36	-0.493474
15.37	-0.493439
15.38	-0.493405
15.39	-0.493371
15.4	-0.493337
15.41	-0.493303
15.42	-0.49327
15.43	-0.493236
15.44	-0.493203
15.45	-0.493171
15.46	-0.493138
15.47	-0.493106
15.48	-0.493075
15.49	-0.493043
15.5	-0.493012
15.51	-0.492982
15.52	-0.492951
15.53	-0.492921
15.54	-0.492892
15.55	-0.492863
15.56	-0.492834
15.57	-0.492805
15.58	-0.492777
15.59	-0.49275
15.6	-0.492723
15.61	-0.492696
15.62	-0.49267
15.63	-0.492644
15.64	-0.492619
15.65	-0.492594
15.66	-0.49257
15.67	-0.492546
15.68	-0.492523
15.69	-0.492501
15.7	-0.492479
15.71	-0.492457
15.72	-0.492436
15.73	-0.492416
15.74	-0.492396
15.75	-0.492377
15.76	-0.492358
15.77	-0.49234
15.78	-0.492323
15.79	-0.492307
15.8	-0.492291
15.81	-0.492275
15.82	-0.492261
15.83	-0.492247
15.84	-0.492233
15.85	-0.492221
15.86	-0.492209
15.87	-0.492198
15.88	-0.492188
15.89	-0.492178
15.9	-0.492169
15.91	-0.492161
15.92	-0.492154
15.93	-0.492147
15.94	-0.492142
15.95	-0.492137
15.96	-0.492133
15.97	-0.492129
15.98	-0.492127
15.99	-0.492125
16	-0.492125
16.01	-0.492125
16.02	-0.492126
16.03	-0.492128
16.04	-0.49213
16.05	-0.492134
16.06	-0.492138
16.07	-0.492144
16.08	-0.49215
16.09	-0.492157
16.1	-0.492165
16.11	-0.492174
16.12	-0.492184
16.13	-0.492194
16.14	-0.492206
16.15	-0.492219
16.16	-0.492232
16.17	-0.492246
16.18	-0.492262
16.19	-0.492278
16.2	-0.492295
16.21	-0.492313
16.22	-0.492332
16.23	-0.492352
16.24	-0.492373
16.25	-0.492394
16.26	-0.492417
16.27	-0.49244
16.28	-0.492465
16.29	-0.49249
16.3	-0.492516
16.31	-0.492543
16.32	-0.492571
16.33	-0.492599
16.34	-0.492629
16.35	-0.492659
16.36	-0.49269
16.37	-0.492722
16.38	-0.492755
16.39	-0.492789
16.4	-0.492823
16.41	-0.492858
16.42	-0.492894
16.43	-0.492931
16.44	-0.492968
16.45	-0.493006
16.46	-0.493045
16.47	-0.493085
16.48	-0.493125
16.49	-0.493166
16.5	-0.493207
16.51	-0.493249
16.52	-0.493292
16.53	-0.493335
16.54	-0.493379
16.55	-0.493423
16.56	-0.493468
16.57	-0.493513
16.58	-0.493559
16.59	-0.493606
16.6	-0.493652
16.61	-0.493699
16.62	-0.493747
16.63	-0.493795
16.64	-0.493843
16.65	-0.493892
16.66	-0.493941
16.67	-0.49399
16.68	-0.494039
16.69	-0.494089
16.7	-0.494139
16.71	-0.494189
16.72	-0.494239
16.73	-0.494289
16.74	-0.494339
16.75	-0.49439
16.76	-0.49444
16.77	-0.494491
16.78	-0.494542
16.79	-0.494592
16.8	-0.494643
16.81	-0.494693
16.82	-0.494743
16.83	-0.494793
16.84	-0.494843
16.85	-0.494893
16.86	-0.494943
16.87	-0.494992
16.88	-0.495042
16.89	-0.49509
16.9	-0.495139
16.91	-0.495187
16.92	-0.495235
16.93	-0.495283
16.94	-0.49533
16.95	-0.495377
16.96	-0.495423
16.97	-0.495469
16.98	-0.495514
16.99	-0.495559
17	-0.495604
17.01	-0.495648
17.02	-0.495691
17.03	-0.495734
17.04	-0.495776
17.05	-0.495817
17.06	-0.495858
17.07	-0.495898
17.08	-0.495938
17.09	-0.495977
17.1	-0.496015
17.11	-0.496052
17.12	-0.496089
17.13	-0.496125
17.14	-0.49616
17.15	-0.496195
17.16	-0.496228
17.17	-0.496261
17.18	-0.496293
17.19	-0.496325
17.2	-0.496355
17.21	-0.496385
17.22	-0.496413
17.23	-0.496441
17.24	-0.496468
17.25	-0.496494
17.26	-0.49652
17.27	-0.496544
17.28	-0.496568
17.29	-0.49659
17.3	-0.496612
17.31	-0.496633
17.32	-0.496653
17.33	-0.496672
17.34	-0.49669
17.35	-0.496707
17.36	-0.496723
17.37	-0.496739
17.38	-0.496753
17.39	-0.496767
17.4	-0.496779
17.41	-0.496791
17.42	-0.496802
17.43	-0.496812
17.44	-0.496821
17.45	-0.496829
17.46	-0.496836
17.47	-0.496842
17.48	-0.496848
17.49	-0.496852
17.5	-0.496856
17.51	-0.496859
17.52	-0.49686
17.53	-0.496861
17.54	-0.496862
17.55	-0.496861
17.56	-0.496859
17.57	-0.496857
17.58	-0.496854
17.59	-0.49685
17.6	-0.496845
17.61	-0.496839
17.62	-0.496833
17.63	-0.496826
17.64	-0.496818
17.65	-0.496809
17.66	-0.496799
17.67	-0.496789
17.68	-0.496778
17.69	-0.496766
17.7	-0.496754
17.71	-0.496741
17.72	-0.496727
17.73	-0.496712
17.74	-0.496697
17.75	-0.496681
17.76	-0.496664
17.77	-0.496647
17.78	-0.496629
17.79	-0.496611
17.8	-0.496592
17.81	-0.496572
17.82	-0.496552
17.83	-0.496531
17.84	-0.496509
17.85	-0.496487
17.86	-0.496465
17.87	-0.496442
17.88	-0.496418
17.89	-0.496394
17.9	-0.496369
17.91	-0.496344
17.92	-0.496318
17.93	-0.496292
17.94	-0.496266
17.95	-0.496238
17.96	-0.496211
17.97	-0.496183
17.98	-0.496155
17.99	-0.496126
18	-0.496097
18.01	-0.496067
18.02	-0.496037
18.03	-0.496007
18.04	-0.495976
18.05	-0.495945
18.06	-0.495914
18.07	-0.495882
18.08	-0.49585
18.09	-0.495818
18.1	-0.495785
18.11	-0.495752
18.12	-0.495719
18.13	-0.495686
18.14	-0.495652
18.15	-0.495618
18.16	-0.495584
18.17	-0.495549
18.18	-0.495515
18.19	-0.49548
18.2	-0.495445
18.21	-0.495409
18.22	-0.495374
18.23	-0.495338
18.24	-0.495302
18.25	-0.495266
18.26	-0.49523
18.27	-0.495193
18.28	-0.495157
18.29	-0.49512
18.3	-0.495084
18.31	-0.495047
18.32	-0.49501
18.33	-0.494973
18.34	-0.494935
18.35	-0.494898
18.36	-0.494861
18.37	-0.494823
18.38	-0.494786
18.39	-0.494748
18.4	-0.49471
18.41	-0.494673
18.42	-0.494635
18.43	-0.494597
18.44	-0.49456
18.45	-0.494522
18.46	-0.494484
18.47	-0.494446
18.48	-0.494409
18.49	-0.494371
18.5	-0.494333
18.51	-0.494295
18.52	-0.494258
18.53	-0.49422
18.54	-0.494183
18.55	-0.494145
18.56	-0.494108
18.57	-0.49407
18.58	-0.494033
18.59	-0.493996
18.6	-0.493959
18.61	-0.493922
18.62	-0.493885
18.63	-0.493848
18.64	-0.493812
18.65	-0.493775
18.66	-0.493739
18.67	-0.493703
18.68	-0.493667
18.69	-0.493631
18.7	-0.493595
18.71	-0.49356
18.72	-0.493525
18.73	-0.49349
18.74	-0.493455
18.75	-0.49342
18.76	-0.493386
18.77	-0.493352
18.78	-0.493318
18.79	-0.493284
18.8	-0.493251
18.81	-0.493218
18.82	-0.493185
18.83	-0.493153
18.84	-0.493121
18.85	-0.493089
18.86	-0.493057
18.87	-0.493026
18.88	-0.492995
18.89	-0.492965
18.9	-0.492935
18.91	-0.492905
18.92	-0.492876
18.93	-0.492847
18.94	-0.492818
18.95	-0.49279
18.96	-0.492762
18.97	-0.492735
18.98	-0.492708
18.99	-0.492682
19	-0.492656
19.01	-0.49263
19.02	-0.492605
19.03	-0.492581
19.04	-0.492557
19.05	-0.492534
19.06	-0.492511
19.07	-0.492488
19.08	-0.492467
19.09	-0.492445
19.1	-0.492425
19.11	-0.492405
19.12	-0.492385
19.13	-0.492367
19.14	-0.492348
19.15	-0.492331
19.16	-0.492314
19.17	-0.492298
19.18	-0.492282
19.19	-0.492267
19.2	-0.492253
19.21	-0.492239
19.22	-0.492226
19.23	-0.492214
19.24	-0.492203
19.25	-0.492192
19.26	-0.492182
19.27	-0.492173
19.28	-0.492165
19.29	-0.492157
19.3	-0.49215
19.31	-0.492144
19.32	-0.492139
19.33	-0.492134
19.34	-0.492131
19.35	-0.492128
19.36	-0.492126
19.37	-0.492125
19.38	-0.492125
19.39	-0.492125
19.4	-0.492127
19.41	-0.492129
19.42	-0.492132
19.43	-0.492136
19.44	-0.492141
19.45	-0.492147
19.46	-0.492154
19.47	-0.492161
19.48	-0.49217
19.49	-0.492179
19.5	-0.492189
19.51	-0.492201
19.52	-0.492213
19.53	-0.492226
19.54	-0.49224
19.55	-0.492255
19.56	-0.492271
19.57	-0.492287
19.58	-0.492305
19.59	-0.492323
19.6	-0.492343
19.61	-0.492363
19.62	-0.492384
19.63	-0.492407
19.64	-0.49243
19.65	-0.492454
19.66	-0.492478
19.67	-0.492504
19.68	-0.492531
19.69	-0.492558
19.7	-0.492586
19.71	-0.492615
19.72	-0.492645
19.73	-0.492676
19.74	-0.492708
19.75	-0.49274
19.76	-0.492774
19.77	-0.492808
19.78	-0.492842
19.79	-0.492878
19.8	-0.492914
19.81	-0.492951
19.82	-0.492989
19.83	-0.493028
19.84	-0.493067
19.85	-0.493107
19.86	-0.493147
19.87	-0.493188
19.88	-0.49323
19.89	-0.493273
19.9	-0.493316
19.91	-0.493359
19.92	-0.493403
19.93	-0.493448
19.94	-0.493493
19.95	-0.493539
19.96	-0.493585
19.97	-0.493631
19.98	-0.493678
19.99	-0.493726
20	-0.493773
20.01	-0.493822
20.02	-0.49387
20.03	-0.493919
20.04	-0.493968
20.05	-0.494017
20.06	-0.494067
20.07	-0.494116
20.08	-0.494166
20.09	-0.494216
20.1	-0.494267
20.11	-0.494317
20.12	-0.494367
20.13	-0.494418
20.14	-0.494468
20.15	-0.494519
20.16	-0.494569
20.17	-0.49462
20.18	-0.49467
20.19	-0.494721
20.2	-0.494771
20.21	-0.494821
20.22	-0.494871
20.23	-0.494921
20.24	-0.49497
20.25	-0.49502
20.26	-0.495069
20.27	-0.495117
20.28	-0.495166
20.29	-0.495214
20.3	-0.495262
20.31	-0.495309
20.32	-0.495356
20.33	-0.495402
20.34	-0.495449
20.35	-0.495494
20.36	-0.495539
20.37	-0.495584
20.38	-0.495628
20.39	-0.495672
20.4	-0.495715
20.41	-0.495757
20.42	-0.495799
20.43	-0.49584
20.44	-0.49588
20.45	-0.49592
20.46	-0.495959
20.47	-0.495998
20.48	-0.496036
20.49	-0.496073
20.5	-0.496109
20.51	-0.496145
20.52	-0.496179
20.53	-0.496213
20.54	-0.496247
20.55	-0.496279
20.56	-0.496311
20.57	-0.496342
20.58	-0.496371
20.59	-0.496401
20.6	-0.496429
20.61	-0.496456
20.62	-0.496483
20.63	-0.496509
20.64	-0.496533
20.65	-0.496557
20.66	-0.49658
20.67	-0.496602
20.68	-0.496624
20.69	-0.496644
20.7	-0.496663
20.71	-0.496682
20.72	-0.496699
20.73	-0.496716
20.74	-0.496732
20.75	-0.496747
20.76	-0.496761
20.77	-0.496774
20.78	-0.496786
20.79	-0.496797
20.8	-0.496807
20.81	-0.496817
20.82	-0.496825
20.83	-0.496833
20.84	-0.49684
20.85	-0.496845
20.86	-0.49685
20.87	-0.496854
20.88	-0.496857
20.89	-0.49686
20.9	-0.496861
20.91	-0.496862
20.92	-0.496861
20.93	-0.49686
20.94	-0.496858
20.95	-0.496855
20.96	-0.496852
20.97	-0.496847
20.98	-0.496842
20.99	-0.496836
21	-0.496829
21.01	-0.496821
21.02	-0.496813
21.03	-0.496804
21.04	-0.496794
21.05	-0.496783
21.06	-0.496772
21.07	-0.49676
21.08	-0.496747
21.09	-0.496733
21.1	-0.496719
21.11	-0.496704
21.12	-0.496688
21.13	-0.496672
21.14	-0.496655
21.15	-0.496637
21.16	-0.496619
21.17	-0.4966
21.18	-0.496581
21.19	-0.496561
21.2	-0.49654
21.21	-0.496519
21.22	-0.496497
21.23	-0.496475
21.24	-0.496452
21.25	-0.496429
21.26	-0.496405
21.27	-0.49638
21.28	-0.496355
21.29	-0.49633
21.3	-0.496304
21.31	-0.496277
21.32	-0.496251
21.33	-0.496223
21.34	-0.496196
21.35	-0.496167
21.36	-0.496139
21.37	-0.49611
21.38	-0.49608
21.39	-0.496051
21.4	-0.496021
21.41	-0.49599
21.42	-0.495959
21.43	-0.495928
21.44	-0.495896
21.45	-0.495865
21.46	-0.495832
21.47	-0.4958
21.48	-0.495767
21.49	-0.495734
21.5	-0.495701
21.51	-0.495667
21.52	-0.495633
21.53	-0.495599
21.54	-0.495565
21.55	-0.49553
21.56	-0.495495
21.57	-0.49546
21.58	-0.495425
21.59	-0.49539
21.6	-0.495354
21.61	-0.495318
21.62	-0.495282
21.63	-0.495246
21.64	-0.49521
21.65	-0.495173
21.66	-0.495137
21.67	-0.4951
21.68	-0.495063
21.69	-0.495026
21.7	-0.494989
21.71	-0.494952
21.72	-0.494915
21.73	-0.494877
21.74	-0.49484
21.75	-0.494802
21.76	-0.494765
21.77	-0.494727
21.78	-0.49469
21.79	-0.494652
21.8	-0.494614
21.81	-0.494577
21.82	-0.494539
21.83	-0.494501
21.84	-0.494463
21.85	-0.494425
21.86	-0.494388
21.87	-0.49435
21.88	-0.494312
21.89	-0.494275
21.9	-0.494237
21.91	-0.494199
21.92	-0.494162
21.93	-0.494124
21.94	-0.494087
21.95	-0.49405
21.96	-0.494013
21.97	-0.493975
21.98	-0.493938
21.99	-0.493902
22	-0.493865
22.01	-0.493828
22.02	-0.493792
22.03	-0.493755
22.04	-0.493719
22.05	-0.493683
22.06	-0.493647
22.07	-0.493611
22.08	-0.493576
22.09	-0.493541
22.1	-0.493505
22.11	-0.493471
22.12	-0.493436
22.13	-0.493401
22.14	-0.493367
22.15	-0.493333
22.16	-0.493299
22.17	-0.493266
22.18	-0.493233
22.19	-0.4932
22.2	-0.493167
22.21	-0.493135
22.22	-0.493103
22.23	-0.493071
22.24	-0.49304
22.25	-0.493009
22.26	-0.492978
22.27	-0.492948
22.28	-0.492918
22.29	-0.492889
22.3	-0.49286
22.31	-0.492831
22.32	-0.492802
22.33	-0.492775
22.34	-0.492747
22.35	-0.49272
22.36	-0.492693
22.37	-0.492667
22.38	-0.492642
22.39	-0.492617
22.4	-0.492592
22.41	-0.492568
22.42	-0.492544
22.43	-0.492521
22.44	-0.492498
22.45	-0.492476
22.46	-0.492455
22.47	-0.492434
22.48	-0.492414
22.49	-0.492394
22.5	-0.492375
22.51	-0.492356
22.52	-0.492339
22.53	-0.492321
22.54	-0.492305
22.55	-0.492289
22.56	-0.492274
22.57	-0.492259
22.58	-0.492245
22.59	-0.492232
22.6	-0.49222
22.61	-0.492208
22.62	-0.492197
22.63	-0.492187
22.64	-0.492177
22.65	-0.492168
22.66	-0.49216
22.67	-0.492153
22.68	-0.492147
22.69	-0.492141
22.7	-0.492136
22.71	-0.492132
22.72	-0.492129
22.73	-0.492127
22.74	-0.492125
22.75	-0.492125
22.76	-0.492125
22.77	-0.492126
22.78	-0.492128
22.79	-0.492131
22.8	-0.492134
22.81	-0.492139
22.82	-0.492144
22.83	-0.492151
22.84	-0.492158
22.85	-0.492166
22.86	-0.492175
22.87	-0.492185
22.88	-0.492196
22.89	-0.492207
22.9	-0.49222
22.91	-0.492234
22.92	-0.492248
22.93	-0.492263
22.94	-0.49228
22.95	-0.492297
22.96	-0.492315
22.97	-0.492334
22.98	-0.492354
22.99	-0.492375
23	-0.492397
23.01	-0.492419
23.02	-0.492443
23.03	-0.492467
23.04	-0.492492
23.05	-0.492519
23.06	-0.492546
23.07	-0.492574
23.08	-0.492602
23.09	-0.492632
23.1	-0.492662
23.11	-0.492694
23.12	-0.492726
23.13	-0.492759
23.14	-0.492792
23.15	-0.492827
23.16	-0.492862
23.17	-0.492898
23.18	-0.492935
23.19	-0.492972
23.2	-0.49301
23.21	-0.493049
23.22	-0.493089
23.23	-0.493129
23.24	-0.49317
23.25	-0.493211
23.26	-0.493254
23.27	-0.493296
23.28	-0.49334
23.29	-0.493383
23.3	-0.493428
23.31	-0.493473
23.32	-0.493518
23.33	-0.493564
23.34	-0.49361
23.35	-0.493657
23.36	-0.493704
23.37	-0.493752
23.38	-0.4938
23.39	-0.493848
23.4	-0.493897
23.41	-0.493946
23.42	-0.493995
23.43	-0.494044
23.44	-0.494094
23.45	-0.494144
23.46	-0.494194
23.47	-0.494244
23.48	-0.494294
23.49	-0.494345
23.5	-0.494395
23.51	-0.494446
23.52	-0.494496
23.53	-0.494547
23.54	-0.494597
23.55	-0.494648
23.56	-0.494698
23.57	-0.494749
23.58	-0.494799
23.59	-0.494849
23.6	-0.494899
23.61	-0.494948
23.62	-0.494998
23.63	-0.495047
23.64	-0.495096
23.65	-0.495144
23.66	-0.495192
23.67	-0.49524
23.68	-0.495288
23.69	-0.495335
23.7	-0.495382
23.71	-0.495428
23.72	-0.495474
23.73	-0.495519
23.74	-0.495564
23.75	-0.495608
23.76	-0.495652
23.77	-0.495695
23.78	-0.495738
23.79	-0.49578
23.8	-0.495822
23.81	-0.495862
23.82	-0.495902
23.83	-0.495942
23.84	-0.495981
23.85	-0.496019
23.86	-0.496056
23.87	-0.496093
23.88	-0.496129
23.89	-0.496164
23.9	-0.496198
23.91	-0.496232
23.92	-0.496265
23.93	-0.496297
23.94	-0.496328
23.95	-0.496358
23.96	-0.496388
23.97	-0.496416
23.98	-0.496444
23.99	-0.496471
24	-0.496497
24.01	-0.496522
24.02	-0.496547
24.03	-0.49657
24.04	-0.496593
24.05	-0.496614
24.06	-0.496635
24.07	-0.496655
24.08	-0.496674
24.09	-0.496692
24.1	-0.496709
24.11	-0.496725
24.12	-0.49674
24.13	-0.496755
24.14	-0.496768
24.15	-0.496781
24.16	-0.496792
24.17	-0.496803
24.18	-0.496813
24.19	-0.496822
24.2	-0.49683
24.21	-0.496837
24.22	-0.496843
24.23	-0.496848
24.24	-0.496853
24.25	-0.496856
24.26	-0.496859
24.27	-0.496861
24.28	-0.496862
24.29	-0.496862
24.3	-0.496861
24.31	-0.496859
24.32	-0.496857
24.33	-0.496854
24.34	-0.496849
24.35	-0.496844
24.36	-0.496839
24.37	-0.496832
24.38	-0.496825
24.39	-0.496817
24.4	-0.496808
24.41	-0.496798
24.42	-0.496788
24.43	-0.496777
24.44	-0.496765
24.45	-0.496753
24.46	-0.496739
24.47	-0.496725
24.48	-0.496711
24.49	-0.496695
24.5	-0.496679
24.51	-0.496663
24.52	-0.496645
24.53	-0.496627
24.54	-0.496609
24.55	-0.49659
24.56	-0.49657
24.57	-0.49655
24.58	-0.496529
24.59	-0.496507
24.6	-0.496485
24.61	-0.496462
24.62	-0.496439
24.63	-0.496415
24.64	-0.496391
24.65	-0.496366
24.66	-0.496341
24.67	-0.496316
24.68	-0.496289
24.69	-0.496263
24.7	-0.496236
24.71	-0.496208
24.72	-0.49618
24.73	-0.496152
24.74	-0.496123
24.75	-0.496094
24.76	-0.496064
24.77	-0.496034
24.78	-0.496004
24.79	-0.495973
24.8	-0.495942
24.81	-0.495911
24.82	-0.495879
24.83	-0.495847
24.84	-0.495815
24.85	-0.495782
24.86	-0.495749
24.87	-0.495716
24.88	-0.495682
24.89	-0.495648
24.9	-0.495614
24.91	-0.49558
24.92	-0.495546
24.93	-0.495511
24.94	-0.495476
24.95	-0.495441
24.96	-0.495406
24.97	-0.49537
24.98	-0.495334
24.99	-0.495298
