0	3
0.03	2.9997
0.059997	2.9991
0.089988	2.9982
0.11997	2.997
0.14994	2.99551
0.179895	2.99372
0.209832	2.99164
0.239749	2.98926
0.269641	2.9866
0.299507	2.98365
0.329344	2.98042
0.359148	2.9769
0.388917	2.97311
0.418648	2.96904
0.448339	2.96471
0.477986	2.96011
0.507587	2.95525
0.537139	2.95013
0.566641	2.94476
0.596088	2.93915
0.62548	2.93329
0.654813	2.9272
0.684085	2.92089
0.713294	2.91434
0.742437	2.90758
0.771513	2.90061
0.800519	2.89343
0.829453	2.88606
0.858314	2.87849
0.887099	2.87074
0.915806	2.86281
0.944434	2.8547
0.972981	2.84644
1.00145	2.83802
1.02983	2.82944
1.05812	2.82073
1.08633	2.81188
1.11445	2.8029
1.14248	2.79381
1.17041	2.7846
1.19826	2.77528
1.22601	2.76587
1.25367	2.75637
1.28123	2.74679
1.3087	2.73713
1.33607	2.7274
1.36335	2.71762
1.39052	2.70778
1.4176	2.6979
1.44458	2.68798
1.47146	2.67803
1.49824	2.66805
1.52492	2.65806
1.5515	2.64806
1.57798	2.63806
1.60436	2.62807
1.63064	2.61809
1.65682	2.60812
1.68291	2.59819
1.70889	2.58828
1.73477	2.57842
1.76055	2.5686
1.78624	2.55883
1.81183	2.54912
1.83732	2.53947
1.86271	2.52989
1.88801	2.52039
1.91322	2.51097
1.93833	2.50164
1.96334	2.4924
1.98827	2.48326
2.0131	2.47422
2.03784	2.46529
2.0625	2.45648
2.08706	2.44778
2.11154	2.43921
2.13593	2.43076
2.16024	2.42245
2.18446	2.41427
2.20861	2.40624
2.23267	2.39835
2.25665	2.39061
2.28056	2.38303
2.30439	2.3756
2.32814	2.36833
2.35183	2.36123
2.37544	2.3543
2.39898	2.34754
2.42246	2.34095
2.44587	2.33454
2.46921	2.32831
2.4925	2.32227
2.51572	2.31641
2.53888	2.31074
2.56199	2.30526
2.58504	2.29998
2.60804	2.29489
2.63099	2.29001
2.65389	2.28532
2.67674	2.28084
2.69955	2.27656
2.72232	2.27249
2.74504	2.26863
2.76773	2.26497
2.79038	2.26153
2.81299	2.25831
2.83558	2.25529
2.85813	2.2525
2.88066	2.24992
2.90315	2.24756
2.92563	2.24541
2.94808	2.24349
2.97052	2.24179
2.99294	2.24031
3.01534	2.23905
3.03773	2.23801
3.06011	2.2372
3.08248	2.23661
3.10485	2.23624
3.12721	2.23609
3.14957	2.23617
3.17193	2.23648
3.1943	2.237
3.21667	2.23775
3.23905	2.23873
3.26143	2.23992
3.28383	2.24134
3.30625	2.24298
3.32868	2.24484
3.35112	2.24692
3.37359	2.24922
3.39609	2.25174
3.4186	2.25447
3.44115	2.25742
3.46372	2.26059
3.48633	2.26397
3.50897	2.26756
3.53164	2.27136
3.55436	2.27537
3.57711	2.27959
3.59991	2.28402
3.62275	2.28864
3.64563	2.29347
3.66857	2.2985
3.69155	2.30373
3.71459	2.30915
3.73768	2.31477
3.76083	2.32057
3.78403	2.32656
3.8073	2.33274
3.83063	2.3391
3.85402	2.34563
3.87748	2.35234
3.901	2.35923
3.92459	2.36628
3.94825	2.3735
3.97199	2.38088
3.9958	2.38843
4.01968	2.39612
4.04364	2.40397
4.06768	2.41196
4.0918	2.42009
4.116	2.42837
4.14029	2.43678
4.16465	2.44531
4.18911	2.45398
4.21365	2.46276
4.23828	2.47165
4.26299	2.48066
4.2878	2.48977
4.3127	2.49898
4.33769	2.50829
4.36277	2.51769
4.38795	2.52716
4.41322	2.53672
4.43858	2.54635
4.46405	2.55604
4.48961	2.56579
4.51527	2.5756
4.54102	2.58545
4.56688	2.59535
4.59283	2.60528
4.61888	2.61523
4.64504	2.62521
4.67129	2.6352
4.69764	2.6452
4.72409	2.6552
4.75064	2.66519
4.7773	2.67517
4.80405	2.68513
4.8309	2.69506
4.85785	2.70495
4.8849	2.71481
4.91205	2.72461
4.93929	2.73435
4.96664	2.74403
4.99408	2.75363
5.02161	2.76316
5.04924	2.7726
5.07697	2.78194
5.10479	2.79118
5.1327	2.80031
5.1607	2.80932
5.1888	2.81821
5.21698	2.82696
5.24525	2.83558
5.27361	2.84404
5.30205	2.85235
5.33057	2.8605
5.35917	2.86848
5.38786	2.87629
5.41662	2.88391
5.44546	2.89134
5.47437	2.89857
5.50336	2.90561
5.53242	2.91243
5.56154	2.91903
5.59073	2.92542
5.61999	2.93157
5.6493	2.9375
5.67868	2.94318
5.70811	2.94862
5.73759	2.95381
5.76713	2.95874
5.79672	2.96342
5.82635	2.96783
5.85603	2.97197
5.88575	2.97584
5.91551	2.97944
5.9453	2.98275
5.97513	2.98578
6.00499	2.98853
6.03488	2.99099
6.06479	2.99316
6.09472	2.99503
6.12467	2.99661
6.15463	2.99789
6.18461	2.99887
6.2146	2.99956
6.2446	2.99994
6.2746	3.00003
6.3046	2.99982
6.33459	2.9993
6.36459	2.99849
6.39457	2.99738
6.42455	2.99597
6.45451	2.99426
6.48445	2.99227
6.51437	2.98997
6.54427	2.98739
6.57414	2.98452
6.60399	2.98137
6.6338	2.97794
6.66358	2.97422
6.69333	2.97024
6.72303	2.96598
6.75269	2.96145
6.7823	2.95667
6.81187	2.95162
6.84138	2.94633
6.87085	2.94078
6.90026	2.935
6.92961	2.92897
6.9589	2.92272
6.98812	2.91624
7.01728	2.90954
7.04638	2.90263
7.07541	2.89551
7.10436	2.88819
7.13324	2.88067
7.16205	2.87297
7.19078	2.86509
7.21943	2.85704
7.248	2.84882
7.27649	2.84044
7.30489	2.83191
7.33321	2.82324
7.36145	2.81443
7.38959	2.80549
7.41764	2.79642
7.44561	2.78725
7.47348	2.77796
7.50126	2.76858
7.52895	2.7591
7.55654	2.74954
7.58403	2.7399
7.61143	2.73019
7.63873	2.72042
7.66594	2.7106
7.69304	2.70073
7.72005	2.69082
7.74696	2.68088
7.77377	2.67091
7.80048	2.66092
7.82709	2.65093
7.8536	2.64093
7.88001	2.63093
7.90631	2.62094
7.93252	2.61097
7.95863	2.60103
7.98464	2.59111
8.01056	2.58124
8.03637	2.5714
8.06208	2.56162
8.0877	2.55189
8.11322	2.54222
8.13864	2.53263
8.16397	2.5231
8.1892	2.51366
8.21433	2.5043
8.23938	2.49504
8.26433	2.48587
8.28919	2.4768
8.31395	2.46784
8.33863	2.45899
8.36322	2.45026
8.38772	2.44165
8.41214	2.43317
8.43647	2.42482
8.46072	2.4166
8.48489	2.40853
8.50897	2.4006
8.53298	2.39281
8.55691	2.38518
8.58076	2.37771
8.60453	2.3704
8.62824	2.36325
8.65187	2.35627
8.67543	2.34945
8.69893	2.34282
8.72236	2.33636
8.74572	2.33008
8.76902	2.32398
8.79226	2.31807
8.81544	2.31234
8.83856	2.30681
8.86163	2.30147
8.88465	2.29633
8.90761	2.29139
8.93052	2.28664
8.95339	2.2821
8.97621	2.27776
8.99899	2.27363
9.02173	2.26971
9.04442	2.266
9.06708	2.2625
9.08971	2.25921
9.1123	2.25613
9.13486	2.25328
9.15739	2.25063
9.1799	2.24821
9.20238	2.246
9.22484	2.24402
9.24728	2.24225
9.26971	2.24071
9.29211	2.23938
9.31451	2.23828
9.33689	2.23741
9.35926	2.23675
9.38163	2.23632
9.40399	2.23611
9.42635	2.23613
9.44872	2.23637
9.47108	2.23683
9.49345	2.23752
9.51582	2.23843
9.53821	2.23956
9.5606	2.24091
9.58301	2.24249
9.60544	2.24428
9.62788	2.2463
9.65034	2.24854
9.67283	2.25099
9.69534	2.25367
9.71788	2.25656
9.74044	2.25966
9.76304	2.26298
9.78567	2.26651
9.80833	2.27025
9.83103	2.2742
9.85378	2.27836
9.87656	2.28273
9.89939	2.2873
9.92226	2.29207
9.94518	2.29704
9.96815	2.30221
9.99117	2.30758
10.0142	2.31314
10.0374	2.31889
10.0606	2.32483
10.0838	2.33095
10.1071	2.33726
10.1305	2.34374
10.1539	2.3504
10.1774	2.35724
10.201	2.36425
10.2247	2.37142
10.2484	2.37876
10.2722	2.38625
10.296	2.3939
10.32	2.40171
10.344	2.40966
10.3681	2.41775
10.3923	2.42599
10.4165	2.43436
10.4409	2.44286
10.4653	2.45148
10.4898	2.46023
10.5144	2.4691
10.5391	2.47807
10.5639	2.48715
10.5887	2.49634
10.6137	2.50562
10.6388	2.51499
10.6639	2.52444
10.6892	2.53398
10.7145	2.54358
10.7399	2.55326
10.7655	2.563
10.7911	2.57279
10.8168	2.58263
10.8426	2.59251
10.8686	2.60243
10.8946	2.61238
10.9207	2.62235
10.9469	2.63234
10.9733	2.64234
10.9997	2.65234
11.0262	2.66233
11.0528	2.67232
11.0796	2.68228
11.1064	2.69222
11.1333	2.70212
11.1603	2.71199
11.1874	2.72181
11.2147	2.73157
11.242	2.74126
11.2694	2.75089
11.2969	2.76044
11.3245	2.76991
11.3522	2.77928
11.38	2.78855
11.4079	2.79771
11.4359	2.80675
11.4639	2.81568
11.4921	2.82447
11.5203	2.83312
11.5487	2.84163
11.5771	2.84999
11.6056	2.85819
11.6342	2.86622
11.6628	2.87407
11.6916	2.88175
11.7204	2.88923
11.7493	2.89652
11.7782	2.90361
11.8073	2.9105
11.8364	2.91717
11.8656	2.92361
11.8948	2.92984
11.9241	2.93583
11.9534	2.94158
11.9829	2.94709
12.0123	2.95235
12.0419	2.95736
12.0714	2.96211
12.101	2.96659
12.1307	2.97081
12.1604	2.97476
12.1902	2.97844
12.22	2.98183
12.2498	2.98495
12.2796	2.98777
12.3095	2.99031
12.3394	2.99256
12.3693	2.99452
12.3993	2.99619
12.4292	2.99755
12.4592	2.99862
12.4892	2.99939
12.5192	2.99986
12.5492	3.00004
12.5792	2.99991
12.6092	2.99948
12.6392	2.99875
12.6692	2.99773
12.6992	2.9964
12.7291	2.99478
12.7591	2.99287
12.789	2.99066
12.8189	2.98816
12.8488	2.98537
12.8786	2.9823
12.9085	2.97895
12.9382	2.97531
12.968	2.97141
12.9977	2.96722
13.0274	2.96278
13.057	2.95806
13.0866	2.95309
13.1161	2.94787
13.1456	2.94239
13.175	2.93668
13.2044	2.93072
13.2337	2.92453
13.2629	2.91812
13.2921	2.91148
13.3212	2.90463
13.3503	2.89757
13.3793	2.8903
13.4082	2.88284
13.437	2.8752
13.4657	2.86737
13.4944	2.85936
13.523	2.85119
13.5515	2.84286
13.58	2.83437
13.6083	2.82574
13.6366	2.81696
13.6647	2.80806
13.6928	2.79903
13.7208	2.78988
13.7487	2.78063
13.7765	2.77127
13.8042	2.76182
13.8318	2.75228
13.8594	2.74267
13.8868	2.73298
13.9141	2.72323
13.9413	2.71342
13.9685	2.70356
13.9955	2.69366
14.0225	2.68373
14.0493	2.67377
14.076	2.66378
14.1027	2.65379
14.1292	2.64379
14.1556	2.63379
14.182	2.6238
14.2082	2.61383
14.2344	2.60387
14.2604	2.59395
14.2863	2.58406
14.3122	2.57421
14.3379	2.56441
14.3636	2.55467
14.3891	2.54499
14.4146	2.53537
14.4399	2.52582
14.4652	2.51636
14.4903	2.50697
14.5154	2.49768
14.5404	2.48848
14.5653	2.47938
14.5901	2.47039
14.6148	2.46151
14.6394	2.45275
14.6639	2.4441
14.6883	2.43558
14.7127	2.42719
14.737	2.41894
14.7612	2.41082
14.7853	2.40285
14.8093	2.39503
14.8332	2.38735
14.8571	2.37983
14.8809	2.37247
14.9046	2.36528
14.9283	2.35825
14.9519	2.35139
14.9754	2.3447
14.9988	2.33819
15.0222	2.33185
15.0455	2.3257
15.0688	2.31974
15.092	2.31396
15.1151	2.30837
15.1382	2.30298
15.1612	2.29778
15.1842	2.29278
15.2072	2.28798
15.23	2.28338
15.2529	2.27898
15.2757	2.27479
15.2984	2.27081
15.3211	2.26704
15.3438	2.26348
15.3664	2.26013
15.389	2.25699
15.4116	2.25407
15.4341	2.25137
15.4566	2.24888
15.4791	2.24661
15.5016	2.24456
15.524	2.24274
15.5465	2.24113
15.5689	2.23974
15.5913	2.23858
15.6137	2.23764
15.636	2.23692
15.6584	2.23642
15.6808	2.23615
15.7031	2.2361
15.7255	2.23628
15.7479	2.23668
15.7702	2.2373
15.7926	2.23814
15.815	2.23921
15.8374	2.2405
15.8598	2.24201
15.8822	2.24375
15.9046	2.2457
15.9271	2.24788
15.9496	2.25027
15.9721	2.25288
15.9946	2.25571
16.0172	2.25875
16.0397	2.26201
16.0624	2.26548
16.085	2.26916
16.1077	2.27305
16.1304	2.27715
16.1532	2.28146
16.176	2.28597
16.1989	2.29068
16.2218	2.2956
16.2448	2.30071
16.2678	2.30602
16.2908	2.31153
16.3139	2.31722
16.3371	2.32311
16.3603	2.32918
16.3836	2.33543
16.407	2.34187
16.4304	2.34848
16.4539	2.35527
16.4774	2.36222
16.5011	2.36935
16.5248	2.37664
16.5485	2.38409
16.5724	2.3917
16.5963	2.39946
16.6203	2.40736
16.6444	2.41542
16.6685	2.42361
16.6927	2.43195
16.7171	2.44041
16.7415	2.449
16.766	2.45771
16.7905	2.46655
16.8152	2.47549
16.84	2.48454
16.8648	2.4937
16.8897	2.50295
16.9148	2.5123
16.9399	2.52173
16.9651	2.53124
16.9904	2.54083
17.0158	2.55048
17.0413	2.5602
17.0669	2.56998
17.0926	2.57981
17.1184	2.58968
17.1443	2.59959
17.1703	2.60953
17.1964	2.61949
17.2226	2.62948
17.2489	2.63947
17.2753	2.64947
17.3018	2.65947
17.3284	2.66946
17.3551	2.67943
17.3819	2.68938
17.4088	2.69929
17.4358	2.70917
17.4629	2.719
17.49	2.72878
17.5173	2.7385
17.5447	2.74814
17.5722	2.75772
17.5998	2.76721
17.6275	2.7766
17.6552	2.7859
17.6831	2.7951
17.711	2.80418
17.7391	2.81314
17.7672	2.82197
17.7954	2.83066
17.8237	2.83921
17.8521	2.84761
17.8806	2.85586
17.9092	2.86393
17.9378	2.87184
17.9665	2.87957
17.9953	2.88711
18.0242	2.89446
18.0531	2.9016
18.0821	2.90855
18.1112	2.91528
18.1404	2.92179
18.1696	2.92808
18.1989	2.93414
18.2282	2.93996
18.2576	2.94554
18.2871	2.95087
18.3166	2.95595
18.3461	2.96077
18.3757	2.96534
18.4054	2.96963
18.4351	2.97366
18.4648	2.97741
18.4946	2.98089
18.5244	2.98408
18.5543	2.98699
18.5841	2.98962
18.614	2.99195
18.6439	2.99399
18.6739	2.99574
18.7038	2.99719
18.7338	2.99835
18.7638	2.9992
18.7938	2.99976
18.8238	3.00002
18.8538	2.99998
18.8838	2.99963
18.9138	2.99899
18.9438	2.99805
18.9738	2.99681
19.0037	2.99528
19.0337	2.99345
19.0636	2.99132
19.0935	2.98891
19.1234	2.9862
19.1533	2.98321
19.1831	2.97994
19.2129	2.97638
19.2427	2.97255
19.2724	2.96845
19.3021	2.96408
19.3317	2.95944
19.3613	2.95454
19.3909	2.94939
19.4204	2.94399
19.4498	2.93834
19.4792	2.93245
19.5085	2.92633
19.5378	2.91998
19.567	2.9134
19.5961	2.90661
19.6252	2.89961
19.6542	2.8924
19.6831	2.885
19.7119	2.87741
19.7407	2.86963
19.7694	2.86167
19.798	2.85355
19.8266	2.84526
19.855	2.83682
19.8834	2.82822
19.9117	2.81949
19.9399	2.81062
19.968	2.80163
19.996	2.79251
20.0239	2.78329
20.0517	2.77396
20.0795	2.76454
20.1071	2.75502
20.1347	2.74543
20.1621	2.73576
20.1895	2.72603
20.2167	2.71623
20.2439	2.70639
20.271	2.6965
20.2979	2.68657
20.3248	2.67662
20.3516	2.66664
20.3782	2.65665
20.4048	2.64665
20.4313	2.63665
20.4576	2.62666
20.4839	2.61668
20.5101	2.60672
20.5361	2.59679
20.5621	2.58689
20.588	2.57703
20.6137	2.56722
20.6394	2.55745
20.665	2.54775
20.6905	2.53811
20.7158	2.52855
20.7411	2.51906
20.7663	2.50965
20.7914	2.50033
20.8164	2.49111
20.8413	2.48198
20.8662	2.47296
20.8909	2.46404
20.9155	2.45524
20.9401	2.44656
20.9645	2.43801
20.9889	2.42958
21.0132	2.42129
21.0374	2.41313
21.0616	2.40512
21.0856	2.39725
21.1096	2.38953
21.1335	2.38197
21.1573	2.37457
21.181	2.36732
21.2047	2.36024
21.2283	2.35333
21.2519	2.3466
21.2753	2.34003
21.2987	2.33365
21.3221	2.32745
21.3453	2.32143
21.3685	2.3156
21.3917	2.30995
21.4148	2.30451
21.4378	2.29925
21.4608	2.29419
21.4838	2.28933
21.5067	2.28468
21.5295	2.28022
21.5523	2.27597
21.5751	2.27193
21.5978	2.2681
21.6205	2.26448
21.6431	2.26107
21.6657	2.25787
21.6883	2.25489
21.7109	2.25212
21.7334	2.24957
21.7559	2.24724
21.7784	2.24513
21.8008	2.24324
21.8232	2.24157
21.8457	2.24012
21.8681	2.23889
21.8904	2.23788
21.9128	2.2371
21.9352	2.23654
21.9576	2.2362
21.9799	2.23609
22.0023	2.2362
22.0246	2.23654
22.047	2.2371
22.0694	2.23788
22.0918	2.23888
22.1141	2.24011
22.1365	2.24156
22.159	2.24323
22.1814	2.24512
22.2038	2.24723
22.2263	2.24956
22.2488	2.25211
22.2713	2.25487
22.2939	2.25786
22.3165	2.26105
22.3391	2.26446
22.3617	2.26808
22.3844	2.27191
22.4071	2.27596
22.4299	2.2802
22.4527	2.28466
22.4755	2.28931
22.4984	2.29417
22.5214	2.29923
22.5444	2.30448
22.5674	2.30993
22.5905	2.31557
22.6137	2.3214
22.6369	2.32742
22.6601	2.33362
22.6835	2.34001
22.7069	2.34657
22.7303	2.3533
22.7539	2.36021
22.7775	2.36729
22.8012	2.37453
22.8249	2.38194
22.8487	2.3895
22.8726	2.39722
22.8966	2.40509
22.9206	2.4131
22.9448	2.42125
22.969	2.42955
22.9933	2.43797
23.0177	2.44653
23.0421	2.45521
23.0667	2.464
23.0913	2.47292
23.116	2.48194
23.1409	2.49107
23.1658	2.50029
23.1908	2.50961
23.2159	2.51902
23.2411	2.52851
23.2663	2.53807
23.2917	2.54771
23.3172	2.55741
23.3428	2.56717
23.3684	2.57699
23.3942	2.58685
23.4201	2.59675
23.4461	2.60668
23.4721	2.61664
23.4983	2.62662
23.5246	2.63661
23.5509	2.64661
23.5774	2.65661
23.604	2.6666
23.6306	2.67658
23.6574	2.68653
23.6842	2.69646
23.7112	2.70635
23.7383	2.71619
23.7654	2.72598
23.7927	2.73572
23.8201	2.74539
23.8475	2.75498
23.8751	2.7645
23.9027	2.77392
23.9304	2.78325
23.9583	2.79248
23.9862	2.80159
24.0142	2.81058
24.0423	2.81945
24.0705	2.82819
24.0988	2.83678
24.1272	2.84522
24.1556	2.85351
24.1842	2.86164
24.2128	2.86959
24.2415	2.87737
24.2702	2.88497
24.2991	2.89237
24.328	2.89958
24.357	2.90658
24.3861	2.91337
24.4152	2.91995
24.4444	2.9263
24.4737	2.93242
24.503	2.93831
24.5324	2.94396
24.5618	2.94937
24.5913	2.95452
24.6209	2.95942
24.6505	2.96406
24.6801	2.96843
24.7098	2.97254
24.7395	2.97637
24.7693	2.97992
24.7991	2.9832
24.8289	2.98619
24.8588	2.9889
24.8886	2.99131
24.9186	2.99344
24.9485	2.99527
24.9784	2.99681
25.0084	2.99805
25.0384	2.99899
25.0684	2.99963
25.0984	2.99998
25.1284	3.00002
25.1584	2.99976
25.1884	2.99921
25.2184	2.99835
25.2484	2.9972
25.2783	2.99575
25.3083	2.994
25.3382	2.99196
25.3681	2.98963
25.398	2.98701
25.4279	2.9841
25.4578	2.9809
25.4876	2.97743
25.5173	2.97368
25.5471	2.96965
25.5768	2.96536
25.6064	2.96079
25.636	2.95597
25.6656	2.95089
25.6951	2.94556
25.7246	2.93998
25.754	2.93416
25.7833	2.9281
25.8126	2.92182
25.8418	2.91531
25.8709	2.90858
25.9	2.90163
25.9291	2.89449
25.958	2.88714
25.9869	2.8796
26.0157	2.87187
26.0444	2.86397
26.073	2.85589
26.1016	2.84765
26.1301	2.83925
26.1584	2.8307
26.1868	2.822
26.215	2.81317
26.2431	2.80422
26.2712	2.79514
26.2991	2.78594
26.327	2.77664
26.3547	2.76724
26.3824	2.75776
26.41	2.74818
26.4375	2.73854
26.4648	2.72882
26.4921	2.71904
26.5193	2.70921
26.5464	2.69933
26.5734	2.68942
26.6003	2.67947
26.6271	2.6695
26.6538	2.65951
26.6804	2.64952
26.7069	2.63952
26.7333	2.62952
26.7596	2.61954
26.7858	2.60957
26.8119	2.59963
26.8379	2.58972
26.8638	2.57985
26.8896	2.57002
26.9153	2.56024
26.9409	2.55052
26.9664	2.54087
26.9918	2.53128
27.0171	2.52177
27.0423	2.51234
27.0674	2.50299
27.0925	2.49374
27.1174	2.48458
27.1422	2.47553
27.167	2.46658
27.1917	2.45775
27.2162	2.44904
27.2407	2.44044
27.2651	2.43198
27.2895	2.42365
27.3137	2.41545
27.3378	2.4074
27.3619	2.39949
27.3859	2.39173
27.4098	2.38412
27.4337	2.37667
27.4574	2.36938
27.4811	2.36225
27.5048	2.35529
27.5283	2.34851
27.5518	2.34189
27.5752	2.33546
27.5986	2.3292
27.6219	2.32313
27.6451	2.31725
27.6683	2.31155
27.6914	2.30605
27.7144	2.30073
27.7374	2.29562
27.7604	2.2907
27.7833	2.28599
27.8062	2.28148
27.829	2.27717
27.8518	2.27307
27.8745	2.26917
27.8972	2.26549
27.9198	2.26202
27.9425	2.25876
27.965	2.25572
27.9876	2.25289
28.0101	2.25028
28.0326	2.24789
28.0551	2.24571
28.0776	2.24376
28.1	2.24202
28.1224	2.24051
28.1448	2.23922
28.1672	2.23815
28.1896	2.2373
28.212	2.23668
28.2343	2.23628
28.2567	2.2361
28.2791	2.23615
28.3014	2.23642
28.3238	2.23691
28.3462	2.23763
28.3685	2.23857
28.3909	2.23974
28.4133	2.24112
28.4357	2.24273
28.4582	2.24456
28.4806	2.2466
28.5031	2.24887
28.5256	2.25136
28.5481	2.25406
28.5706	2.25698
28.5932	2.26011
28.6158	2.26346
28.6384	2.26702
28.6611	2.2708
28.6838	2.27478
28.7065	2.27897
28.7293	2.28336
28.7522	2.28796
28.775	2.29276
28.798	2.29776
28.821	2.30296
28.844	2.30835
28.8671	2.31394
28.8902	2.31971
28.9134	2.32568
28.9367	2.33183
28.96	2.33816
28.9834	2.34467
29.0068	2.35136
29.0303	2.35822
29.0539	2.36525
29.0776	2.37244
29.1013	2.3798
29.1251	2.38732
29.1489	2.39499
29.1729	2.40282
29.1969	2.41079
29.221	2.4189
29.2452	2.42716
29.2695	2.43555
29.2939	2.44407
29.3183	2.45271
29.3428	2.46147
29.3674	2.47035
29.3921	2.47935
29.4169	2.48844
29.4418	2.49764
29.4668	2.50693
29.4919	2.51632
29.517	2.52578
29.5423	2.53533
29.5676	2.54494
29.5931	2.55463
29.6186	2.56437
29.6443	2.57417
29.67	2.58402
29.6959	2.59391
29.7218	2.60383
29.7478	2.61379
29.774	2.62376
29.8002	2.63375
29.8265	2.64375
29.853	2.65375
29.8795	2.66374
29.9062	2.67372
29.9329	2.68368
29.9597	2.69362
29.9867	2.70352
30.0137	2.71338
30.0408	2.72319
30.0681	2.73294
30.0954	2.74263
30.1228	2.75224
30.1503	2.76178
30.178	2.77123
30.2057	2.78059
30.2335	2.78985
30.2614	2.79899
30.2894	2.80802
30.3175	2.81693
30.3456	2.8257
30.3739	2.83433
30.4022	2.84282
30.4307	2.85116
30.4592	2.85933
30.4878	2.86733
30.5164	2.87516
30.5452	2.88281
30.574	2.89027
30.6029	2.89754
30.6319	2.9046
30.6609	2.91145
30.69	2.91809
30.7192	2.92451
30.7485	2.93069
30.7778	2.93665
30.8071	2.94237
30.8366	2.94785
30.866	2.95307
30.8956	2.95804
30.9252	2.96276
30.9548	2.96721
30.9845	2.97139
31.0142	2.9753
31.0439	2.97893
31.0737	2.98229
31.1035	2.98536
31.1334	2.98815
31.1633	2.99065
31.1932	2.99286
31.2231	2.99478
31.2531	2.9964
31.283	2.99772
31.313	2.99875
31.343	2.99948
31.373	2.99991
31.403	3.00004
31.433	2.99987
31.463	2.9994
31.493	2.99863
31.523	2.99756
31.5529	2.99619
31.5829	2.99453
31.6128	2.99257
31.6428	2.99032
31.6727	2.98779
31.7025	2.98496
31.7324	2.98185
31.7622	2.97845
31.792	2.97478
31.8217	2.97083
31.8515	2.96661
31.8811	2.96213
31.9107	2.95738
31.9403	2.95237
31.9698	2.94711
31.9993	2.9416
32.0287	2.93585
32.0581	2.92986
32.0874	2.92364
32.1166	2.91719
32.1458	2.91053
32.1749	2.90364
32.2039	2.89655
32.2329	2.88926
32.2618	2.88178
32.2906	2.8741
32.3194	2.86625
32.348	2.85822
32.3766	2.85003
32.4051	2.84167
32.4335	2.83316
32.4618	2.82451
32.4901	2.81572
32.5182	2.80679
32.5463	2.79775
32.5743	2.78859
32.6022	2.77932
32.63	2.76995
32.6577	2.76048
32.6853	2.75093
32.7128	2.74131
32.7402	2.73161
32.7675	2.72185
32.7947	2.71203
32.8219	2.70217
32.8489	2.69226
32.8758	2.68232
32.9026	2.67236
32.9293	2.66237
32.956	2.65238
32.9825	2.64238
33.0089	2.63238
33.0352	2.62239
33.0615	2.61242
33.0876	2.60247
33.1136	2.59255
33.1395	2.58267
33.1654	2.57283
33.1911	2.56304
33.2167	2.5533
33.2423	2.54362
33.2677	2.53402
33.293	2.52448
33.3183	2.51503
33.3434	2.50566
33.3685	2.49638
33.3934	2.48719
33.4183	2.47811
33.4431	2.46913
33.4678	2.46027
33.4924	2.45152
33.5169	2.44289
33.5413	2.43439
33.5657	2.42602
33.5899	2.41779
33.6141	2.40969
33.6382	2.40174
33.6622	2.39393
33.6862	2.38628
33.71	2.37879
33.7338	2.37145
33.7575	2.36428
33.7812	2.35727
33.8048	2.35043
33.8283	2.34377
33.8517	2.33728
33.8751	2.33098
33.8984	2.32485
33.9216	2.31891
33.9448	2.31316
33.968	2.3076
33.991	2.30224
34.014	2.29706
34.037	2.29209
34.0599	2.28732
34.0828	2.28275
34.1056	2.27838
34.1284	2.27422
34.1512	2.27027
34.1739	2.26652
34.1965	2.26299
34.2192	2.25967
34.2418	2.25657
34.2643	2.25368
34.2869	2.251
34.3094	2.24855
34.3319	2.24631
34.3543	2.24429
34.3768	2.24249
34.3992	2.24092
34.4216	2.23956
34.444	2.23843
34.4664	2.23752
34.4888	2.23683
34.5111	2.23637
34.5335	2.23613
34.5558	2.23611
34.5782	2.23632
34.6006	2.23675
34.6229	2.2374
34.6453	2.23828
34.6677	2.23938
34.6901	2.2407
34.7125	2.24225
34.7349	2.24401
34.7574	2.246
34.7798	2.2482
34.8023	2.25062
34.8248	2.25326
34.8473	2.25612
34.8699	2.2592
34.8925	2.26248
34.9151	2.26598
34.9378	2.26969
34.9605	2.27362
34.9832	2.27775
35.006	2.28208
35.0288	2.28662
35.0517	2.29136
35.0746	2.29631
35.0976	2.30145
35.1206	2.30679
35.1436	2.31232
35.1668	2.31804
35.1899	2.32395
35.2132	2.33005
35.2365	2.33633
35.2598	2.34279
35.2833	2.34943
35.3068	2.35624
35.3303	2.36322
35.354	2.37037
35.3777	2.37768
35.4014	2.38515
35.4253	2.39278
35.4492	2.40056
35.4732	2.40849
35.4973	2.41657
35.5215	2.42478
35.5457	2.43313
35.5701	2.44161
35.5945	2.45022
35.619	2.45895
35.6436	2.4678
35.6682	2.47676
35.693	2.48583
35.7179	2.495
35.7428	2.50426
35.7679	2.51362
35.793	2.52306
35.8182	2.53259
35.8436	2.54218
35.869	2.55185
35.8945	2.56158
35.9201	2.57136
35.9458	2.5812
35.9716	2.59107
35.9975	2.60099
36.0236	2.61093
36.0497	2.6209
36.0759	2.63089
36.1022	2.64088
36.1286	2.65088
36.1551	2.66088
36.1817	2.67087
36.2084	2.68083
36.2352	2.69078
36.2621	2.70069
36.2891	2.71056
36.3162	2.72038
36.3434	2.73015
36.3707	2.73986
36.3981	2.7495
36.4256	2.75906
36.4532	2.76854
36.4809	2.77792
36.5087	2.78721
36.5366	2.79638
36.5645	2.80545
36.5926	2.81439
36.6207	2.8232
36.649	2.83188
36.6773	2.84041
36.7057	2.84879
36.7342	2.85701
36.7627	2.86506
36.7914	2.87294
36.8201	2.88064
36.8489	2.88816
36.8778	2.89548
36.9068	2.9026
36.9358	2.90951
36.9649	2.91621
36.9941	2.92269
37.0233	2.92895
37.0526	2.93497
37.0819	2.94076
37.1113	2.9463
37.1408	2.9516
37.1703	2.95665
37.1999	2.96143
37.2295	2.96596
37.2591	2.97022
37.2888	2.97421
37.3186	2.97792
37.3484	2.98136
37.3782	2.98451
37.408	2.98738
37.4379	2.98996
37.4678	2.99226
37.4977	2.99426
37.5277	2.99596
37.5576	2.99737
37.5876	2.99849
37.6176	2.9993
37.6476	2.99982
37.6776	3.00003
37.7076	2.99995
37.7376	2.99956
37.7676	2.99888
37.7976	2.99789
37.8275	2.99661
37.8575	2.99504
37.8875	2.99316
37.9174	2.991
37.9473	2.98854
37.9772	2.9858
38.007	2.98277
38.0369	2.97945
38.0667	2.97586
38.0964	2.97199
38.1261	2.96785
38.1558	2.96344
38.1855	2.95876
38.215	2.95383
38.2446	2.94864
38.2741	2.9432
38.3035	2.93752
38.3329	2.9316
38.3622	2.92544
38.3914	2.91906
38.4206	2.91246
38.4498	2.90564
38.4788	2.8986
38.5078	2.89137
38.5367	2.88394
38.5656	2.87632
38.5943	2.86852
38.623	2.86054
38.6516	2.85239
38.6801	2.84408
38.7086	2.83561
38.7369	2.827
38.7652	2.81825
38.7934	2.80936
38.8215	2.80035
38.8495	2.79122
38.8774	2.78198
38.9052	2.77264
38.9329	2.7632
38.9606	2.75368
38.9881	2.74407
39.0155	2.73439
39.0429	2.72465
39.0701	2.71485
39.0973	2.705
39.1243	2.6951
39.1513	2.68517
39.1781	2.67521
39.2049	2.66523
39.2315	2.65524
39.2581	2.64524
39.2845	2.63524
39.3109	2.62525
39.3372	2.61527
39.3633	2.60532
39.3894	2.59539
39.4153	2.5855
39.4412	2.57564
39.4669	2.56583
39.4926	2.55608
39.5181	2.54639
39.5436	2.53676
39.569	2.5272
39.5942	2.51773
39.6194	2.50833
39.6445	2.49902
39.6695	2.48981
39.6944	2.4807
39.7192	2.47169
39.7439	2.46279
39.7685	2.45401
39.7931	2.44535
39.8175	2.43681
39.8419	2.4284
39.8662	2.42013
39.8904	2.41199
39.9145	2.404
39.9386	2.39615
39.9625	2.38846
39.9864	2.38092
40.0102	2.37353
40.0339	2.36631
40.0576	2.35926
40.0812	2.35237
40.1047	2.34566
40.1282	2.33912
40.1516	2.33276
40.1749	2.32659
40.1982	2.32059
40.2214	2.31479
40.2445	2.30917
40.2676	2.30375
40.2906	2.29852
40.3136	2.29349
40.3366	2.28866
40.3595	2.28404
40.3823	2.27961
40.4051	2.27539
40.4278	2.27138
40.4506	2.26757
40.4732	2.26398
40.4959	2.2606
40.5185	2.25744
40.5411	2.25448
40.5636	2.25175
40.5861	2.24923
40.6086	2.24693
40.6311	2.24485
40.6535	2.24299
40.676	2.24135
40.6984	2.23993
40.7208	2.23873
40.7432	2.23776
40.7655	2.23701
40.7879	2.23648
40.8103	2.23618
40.8326	2.23609
40.855	2.23624
40.8774	2.2366
40.8997	2.23719
40.9221	2.23801
40.9445	2.23904
40.9669	2.2403
40.9893	2.24178
41.0117	2.24348
41.0341	2.2454
41.0566	2.24755
41.079	2.24991
41.1015	2.25249
41.1241	2.25528
41.1466	2.25829
41.1692	2.26152
41.1918	2.26496
41.2145	2.26861
41.2372	2.27247
41.2599	2.27654
41.2826	2.28082
41.3055	2.2853
41.3283	2.28999
41.3512	2.29487
41.3742	2.29996
41.3972	2.30524
41.4202	2.31072
41.4433	2.31638
41.4665	2.32224
41.4897	2.32828
41.513	2.33451
41.5363	2.34092
41.5597	2.34751
41.5832	2.35427
41.6068	2.3612
41.6304	2.3683
41.6541	2.37557
41.6778	2.383
41.7016	2.39058
41.7255	2.39832
41.7495	2.40621
41.7736	2.41424
41.7977	2.42241
41.822	2.43073
41.8463	2.43917
41.8707	2.44774
41.8951	2.45644
41.9197	2.46526
41.9444	2.47418
41.9691	2.48322
41.9939	2.49236
42.0188	2.5016
42.0439	2.51093
42.069	2.52035
42.0942	2.52985
42.1195	2.53943
42.1449	2.54908
42.1704	2.55879
42.1959	2.56855
42.2216	2.57838
42.2474	2.58824
42.2733	2.59815
42.2993	2.60808
42.3254	2.61805
42.3515	2.62803
42.3778	2.63802
42.4042	2.64802
42.4307	2.65802
42.4573	2.66801
42.4839	2.67798
42.5107	2.68793
42.5376	2.69785
42.5646	2.70774
42.5917	2.71758
42.6188	2.72736
42.6461	2.73709
42.6735	2.74675
42.7009	2.75633
42.7285	2.76583
42.7562	2.77524
42.7839	2.78456
42.8118	2.79377
42.8397	2.80287
42.8677	2.81184
42.8959	2.82069
42.9241	2.82941
42.9524	2.83798
42.9807	2.8464
43.0092	2.85467
43.0377	2.86277
43.0664	2.8707
43.0951	2.87846
43.1239	2.88602
43.1527	2.8934
43.1817	2.90058
43.2107	2.90755
43.2397	2.91431
43.2689	2.92086
43.2981	2.92718
43.3274	2.93327
43.3567	2.93913
43.3861	2.94474
43.4155	2.95011
43.445	2.95523
43.4746	2.96009
43.5042	2.96469
43.5338	2.96903
43.5635	2.97309
43.5933	2.97689
43.623	2.9804
43.6528	2.98364
43.6827	2.98659
43.7125	2.98925
43.7424	2.99163
43.7723	2.99371
43.8023	2.9955
43.8322	2.997
43.8622	2.9982
43.8922	2.9991
43.9222	2.9997
43.9522	3
43.9822	3
44.0122	2.9997
44.0422	2.9991
44.0722	2.99821
44.1021	2.99701
44.1321	2.99552
44.1621	2.99373
44.192	2.99165
44.2219	2.98927
44.2518	2.98661
44.2817	2.98366
44.3115	2.98043
44.3413	2.97692
44.3711	2.97313
44.4008	2.96906
44.4305	2.96473
44.4602	2.96013
44.4898	2.95527
44.5193	2.95015
44.5488	2.94479
44.5783	2.93917
44.6077	2.93332
44.637	2.92723
44.6663	2.92091
44.6955	2.91437
44.7246	2.90761
44.7537	2.90064
44.7827	2.89346
44.8116	2.88609
44.8405	2.87852
44.8693	2.87077
44.898	2.86284
44.9266	2.85474
44.9552	2.84647
44.9836	2.83805
45.012	2.82948
45.0403	2.82077
45.0685	2.81192
45.0966	2.80294
45.1247	2.79385
45.1526	2.78464
45.1804	2.77532
45.2082	2.76591
45.2359	2.75641
45.2634	2.74683
45.2909	2.73717
45.3183	2.72744
45.3455	2.71766
45.3727	2.70782
45.3998	2.69794
45.4268	2.68802
45.4536	2.67807
45.4804	2.66809
45.5071	2.6581
45.5337	2.64811
45.5602	2.63811
45.5865	2.62811
45.6128	2.61813
45.639	2.60817
45.6651	2.59823
45.6911	2.58832
45.717	2.57846
45.7427	2.56864
45.7684	2.55887
45.794	2.54916
45.8195	2.53951
45.8449	2.52993
45.8702	2.52043
45.8954	2.51101
45.9205	2.50168
45.9455	2.49244
45.9705	2.4833
45.9953	2.47426
46.02	2.46533
46.0447	2.45651
46.0693	2.44782
46.0937	2.43924
46.1181	2.4308
46.1424	2.42248
46.1667	2.41431
46.1908	2.40627
46.2149	2.39838
46.2388	2.39065
46.2628	2.38306
46.2866	2.37563
46.3103	2.36836
46.334	2.36126
46.3576	2.35433
46.3812	2.34756
46.4047	2.34098
46.4281	2.33457
46.4514	2.32834
46.4747	2.32229
46.4979	2.31643
46.5211	2.31076
46.5442	2.30528
46.5672	2.3
46.5902	2.29491
46.6132	2.29003
46.6361	2.28534
46.6589	2.28086
46.6818	2.27658
46.7045	2.27251
46.7272	2.26864
46.7499	2.26499
46.7726	2.26155
46.7952	2.25832
46.8178	2.25531
46.8403	2.25251
46.8629	2.24993
46.8854	2.24757
46.9078	2.24542
46.9303	2.2435
46.9527	2.24179
46.9751	2.24031
46.9975	2.23905
47.0199	2.23801
47.0423	2.2372
47.0647	2.23661
47.0871	2.23624
47.1094	2.23609
47.1318	2.23617
47.1541	2.23648
47.1765	2.237
47.1989	2.23775
47.2212	2.23872
47.2436	2.23992
47.266	2.24133
47.2884	2.24297
47.3109	2.24483
47.3333	2.24691
47.3558	2.24921
47.3783	2.25173
47.4008	2.25446
47.4233	2.25741
47.4459	2.26057
47.4685	2.26395
47.4912	2.26754
47.5138	2.27135
47.5366	2.27536
47.5593	2.27957
47.5821	2.284
47.6049	2.28862
47.6278	2.29345
47.6508	2.29848
47.6738	2.30371
47.6968	2.30913
47.7199	2.31474
47.743	2.32054
47.7662	2.32654
47.7895	2.33271
47.8128	2.33907
47.8362	2.3456
47.8597	2.35232
47.8832	2.3592
47.9068	2.36625
47.9305	2.37347
47.9542	2.38085
47.978	2.38839
48.0019	2.39609
48.0258	2.40393
48.0499	2.41193
48.074	2.42006
48.0982	2.42833
48.1225	2.43674
48.1468	2.44528
48.1713	2.45394
48.1958	2.46272
48.2205	2.47162
48.2452	2.48062
48.27	2.48973
48.2949	2.49895
48.3199	2.50825
48.345	2.51765
48.3701	2.52712
48.3954	2.53668
48.4208	2.54631
48.4462	2.556
48.4718	2.56575
48.4975	2.57556
48.5232	2.58541
48.5491	2.59531
48.575	2.60523
48.6011	2.61519
48.6272	2.62517
48.6535	2.63516
48.6798	2.64516
48.7063	2.65516
48.7328	2.66515
48.7595	2.67513
48.7862	2.68509
48.8131	2.69502
48.84	2.70491
48.8671	2.71476
48.8942	2.72457
48.9215	2.73431
48.9488	2.74399
48.9763	2.75359
49.0038	2.76312
49.0314	2.77256
49.0592	2.7819
49.087	2.79114
49.1149	2.80027
49.1429	2.80928
49.171	2.81817
49.1992	2.82693
49.2274	2.83554
49.2558	2.84401
49.2842	2.85232
49.3127	2.86047
49.3414	2.86845
49.37	2.87625
49.3988	2.88388
49.4276	2.89131
49.4565	2.89854
49.4855	2.90558
49.5146	2.9124
49.5437	2.91901
49.5729	2.92539
49.6022	2.93155
49.6315	2.93747
49.6608	2.94316
49.6903	2.9486
49.7198	2.95379
49.7493	2.95872
49.7789	2.9634
49.8085	2.96781
49.8382	2.97196
49.8679	2.97583
49.8977	2.97942
49.9275	2.98274
49.9573	2.98577
49.9872	2.98852
50.017	2.99098
50.047	2.99315
50.0769	2.99502
50.1068	2.9966
50.1368	2.99788
50.1668	2.99887
50.1968	2.99956
50.2268	2.99994
50.2568	3.00003
50.2868	2.99982
50.3168	2.99931
50.3468	2.99849
50.3767	2.99738
50.4067	2.99598
50.4367	2.99427
50.4666	2.99227
50.4965	2.98998
50.5264	2.9874
50.5563	2.98454
50.5862	2.98138
50.616	2.97795
50.6458	2.97424
50.6755	2.97025
50.7052	2.966
50.7349	2.96147
50.7645	2.95669
50.794	2.95164
50.8236	2.94635
50.853	2.94081
50.8824	2.93502
50.9118	2.929
50.9411	2.92274
50.9703	2.91627
50.9995	2.90957
51.0286	2.90266
51.0576	2.89554
51.0865	2.88822
51.1154	2.88071
51.1442	2.87301
51.173	2.86513
51.2016	2.85707
51.2302	2.84886
51.2587	2.84048
51.2871	2.83195
51.3154	2.82328
51.3436	2.81446
51.3718	2.80552
51.3998	2.79646
51.4278	2.78728
51.4557	2.778
51.4834	2.76862
51.5111	2.75914
51.5387	2.74958
51.5662	2.73994
51.5936	2.73023
51.6209	2.72047
51.6481	2.71064
51.6752	2.70077
51.7022	2.69086
51.7291	2.68092
51.756	2.67095
51.7827	2.66097
51.8093	2.65097
51.8358	2.64097
51.8622	2.63097
51.8885	2.62099
51.9147	2.61102
51.9408	2.60107
51.9668	2.59116
51.9927	2.58128
52.0186	2.57144
52.0443	2.56166
52.0699	2.55193
52.0954	2.54227
52.1208	2.53267
52.1462	2.52314
52.1714	2.5137
52.1965	2.50434
52.2216	2.49508
52.2465	2.4859
52.2714	2.47684
52.2961	2.46788
52.3208	2.45903
52.3454	2.45029
52.3699	2.44169
52.3943	2.4332
52.4187	2.42485
52.4429	2.41664
52.4671	2.40856
52.4912	2.40063
52.5152	2.39285
52.5391	2.38522
52.563	2.37774
52.5867	2.37043
52.6104	2.36328
52.6341	2.35629
52.6576	2.34948
52.6811	2.34284
52.7046	2.33638
52.7279	2.3301
52.7512	2.324
52.7745	2.31809
52.7976	2.31237
52.8208	2.30683
52.8438	2.30149
52.8668	2.29635
52.8898	2.29141
52.9127	2.28666
52.9356	2.28212
52.9584	2.27778
52.9812	2.27365
53.0039	2.26973
53.0266	2.26601
53.0493	2.26251
53.0719	2.25922
53.0945	2.25615
53.1171	2.25329
53.1396	2.25064
53.1621	2.24822
53.1846	2.24601
53.207	2.24403
53.2295	2.24226
53.2519	2.24071
53.2743	2.23939
53.2967	2.23829
53.3191	2.23741
53.3415	2.23675
53.3638	2.23632
53.3862	2.23611
53.4086	2.23613
53.4309	2.23637
53.4533	2.23683
53.4757	2.23751
53.498	2.23842
53.5204	2.23955
53.5428	2.24091
53.5652	2.24248
53.5876	2.24428
53.6101	2.24629
53.6325	2.24853
53.655	2.25098
53.6775	2.25365
53.7001	2.25654
53.7226	2.25965
53.7452	2.26296
53.7679	2.26649
53.7905	2.27024
53.8132	2.27419
53.836	2.27834
53.8588	2.28271
53.8816	2.28728
53.9045	2.29205
53.9274	2.29702
53.9504	2.30219
53.9734	2.30756
53.9964	2.31311
54.0196	2.31886
54.0428	2.3248
54.066	2.33092
54.0893	2.33723
54.1127	2.34371
54.1361	2.35038
54.1596	2.35721
54.1832	2.36422
54.2069	2.37139
54.2306	2.37872
54.2544	2.38622
54.2782	2.39387
54.3022	2.40167
54.3262	2.40962
54.3503	2.41772
54.3744	2.42595
54.3987	2.43432
54.423	2.44282
54.4475	2.45145
54.472	2.46019
54.4966	2.46906
54.5213	2.47803
54.5461	2.48712
54.5709	2.4963
54.5959	2.50558
54.621	2.51495
54.6461	2.5244
54.6713	2.53394
54.6967	2.54354
54.7221	2.55322
54.7477	2.56295
54.7733	2.57275
54.799	2.58259
54.8248	2.59247
54.8508	2.60239
54.8768	2.61234
54.9029	2.62231
54.9291	2.6323
54.9555	2.6423
54.9819	2.6523
55.0084	2.66229
55.035	2.67227
55.0617	2.68224
55.0886	2.69218
55.1155	2.70208
55.1425	2.71195
55.1696	2.72176
55.1968	2.73153
55.2242	2.74122
55.2516	2.75085
55.2791	2.7604
55.3067	2.76987
55.3344	2.77924
55.3622	2.78851
55.3901	2.79767
55.418	2.80672
55.4461	2.81564
55.4743	2.82443
55.5025	2.83309
55.5308	2.8416
55.5593	2.84996
55.5878	2.85815
55.6163	2.86618
55.645	2.87404
55.6737	2.88171
55.7026	2.8892
55.7314	2.89649
55.7604	2.90358
55.7894	2.91047
55.8186	2.91714
55.8477	2.92359
55.877	2.92981
55.9063	2.9358
55.9356	2.94155
55.965	2.94707
55.9945	2.95233
56.024	2.95734
56.0536	2.96209
56.0832	2.96658
56.1129	2.9708
56.1426	2.97475
56.1723	2.97842
56.2021	2.98182
56.2319	2.98493
56.2618	2.98776
56.2917	2.9903
56.3216	2.99256
56.3515	2.99451
56.3814	2.99618
56.4114	2.99755
56.4414	2.99862
56.4714	2.99939
56.5014	2.99986
56.5314	3.00004
56.5614	2.99991
56.5914	2.99948
56.6214	2.99876
56.6513	2.99773
56.6813	2.99641
56.7113	2.99479
56.7412	2.99288
56.7712	2.99067
56.8011	2.98817
56.831	2.98539
56.8608	2.98232
56.8906	2.97896
56.9204	2.97533
56.9502	2.97142
56.9799	2.96724
57.0096	2.96279
57.0392	2.95808
57.0688	2.95311
57.0983	2.94789
57.1278	2.94242
57.1572	2.9367
57.1866	2.93075
57.2159	2.92456
57.2451	2.91814
57.2743	2.91151
57.3034	2.90466
57.3325	2.8976
57.3614	2.89033
57.3903	2.88288
57.4192	2.87523
57.4479	2.8674
57.4766	2.8594
57.5052	2.85123
57.5337	2.84289
57.5621	2.83441
57.5905	2.82577
57.6187	2.817
57.6469	2.8081
57.675	2.79907
57.703	2.78992
57.7309	2.78067
57.7587	2.77131
57.7864	2.76186
57.814	2.75232
57.8415	2.74271
57.869	2.73302
57.8963	2.72327
57.9235	2.71346
57.9507	2.7036
57.9777	2.6937
58.0046	2.68377
58.0315	2.67381
58.0582	2.66383
58.0848	2.65383
58.1114	2.64383
58.1378	2.63383
58.1642	2.62384
58.1904	2.61387
58.2165	2.60392
58.2426	2.59399
58.2685	2.5841
58.2944	2.57426
58.3201	2.56446
58.3457	2.55471
58.3713	2.54503
58.3967	2.53541
58.4221	2.52586
58.4474	2.5164
58.4725	2.50701
58.4976	2.49772
58.5226	2.48852
58.5475	2.47942
58.5722	2.47043
58.597	2.46155
58.6216	2.45278
58.6461	2.44414
58.6705	2.43562
58.6949	2.42723
58.7192	2.41897
58.7434	2.41086
58.7675	2.40288
58.7915	2.39506
58.8154	2.38738
58.8393	2.37987
58.8631	2.37251
58.8868	2.36531
58.9105	2.35828
58.9341	2.35142
58.9576	2.34473
58.981	2.33821
59.0044	2.33188
59.0277	2.32573
59.051	2.31976
59.0742	2.31399
59.0973	2.3084
59.1204	2.303
59.1434	2.2978
59.1664	2.2928
59.1894	2.288
59.2122	2.2834
59.2351	2.279
59.2579	2.27481
59.2806	2.27083
59.3033	2.26706
59.326	2.26349
59.3486	2.26014
59.3712	2.25701
59.3938	2.25408
59.4163	2.25138
59.4388	2.24889
59.4613	2.24662
59.4838	2.24457
59.5062	2.24274
59.5287	2.24113
59.5511	2.23975
59.5735	2.23858
59.5959	2.23764
59.6182	2.23692
59.6406	2.23642
59.663	2.23615
59.6853	2.2361
59.7077	2.23628
59.7301	2.23667
59.7524	2.23729
59.7748	2.23814
59.7972	2.23921
59.8196	2.2405
59.842	2.24201
59.8644	2.24374
59.8868	2.24569
59.9093	2.24787
59.9318	2.25026
59.9543	2.25287
59.9768	2.25569
59.9994	2.25874
60.022	2.26199
60.0446	2.26546
60.0672	2.26914
60.0899	2.27303
60.1126	2.27713
60.1354	2.28144
60.1582	2.28595
60.1811	2.29066
60.204	2.29558
60.227	2.30069
60.25	2.306
60.273	2.3115
60.2961	2.3172
60.3193	2.32308
60.3425	2.32915
60.3658	2.33541
60.3892	2.34184
60.4126	2.34845
60.4361	2.35524
60.4596	2.36219
60.4833	2.36932
60.507	2.37661
60.5307	2.38406
60.5546	2.39166
60.5785	2.39942
60.6025	2.40733
60.6265	2.41538
60.6507	2.42358
60.6749	2.43191
60.6993	2.44037
60.7237	2.44896
60.7481	2.45768
60.7727	2.46651
60.7974	2.47545
60.8221	2.4845
60.847	2.49366
60.8719	2.50291
60.897	2.51226
60.9221	2.52169
60.9473	2.5312
60.9726	2.54079
60.998	2.55044
61.0235	2.56016
61.0491	2.56994
61.0748	2.57976
61.1006	2.58964
61.1265	2.59955
61.1525	2.60949
61.1786	2.61945
61.2048	2.62944
61.2311	2.63943
61.2575	2.64943
61.284	2.65943
61.3106	2.66942
61.3373	2.67939
61.3641	2.68934
61.391	2.69925
61.418	2.70913
61.445	2.71896
61.4722	2.72874
61.4995	2.73845
61.5269	2.7481
61.5544	2.75768
61.582	2.76717
61.6096	2.77656
61.6374	2.78586
61.6653	2.79506
61.6932	2.80414
61.7212	2.8131
61.7494	2.82193
61.7776	2.83063
61.8059	2.83918
61.8343	2.84758
61.8628	2.85582
61.8913	2.8639
61.92	2.87181
61.9487	2.87954
61.9775	2.88708
62.0064	2.89443
62.0353	2.90157
62.0643	2.90852
62.0934	2.91525
62.1226	2.92176
62.1518	2.92805
62.1811	2.93411
62.2104	2.93993
62.2398	2.94551
62.2692	2.95085
62.2988	2.95593
62.3283	2.96075
62.3579	2.96532
62.3876	2.96962
62.4173	2.97364
62.447	2.9774
62.4768	2.98087
62.5066	2.98407
62.5364	2.98698
62.5663	2.98961
62.5962	2.99194
62.6261	2.99398
62.6561	2.99573
62.686	2.99719
62.716	2.99834
62.746	2.9992
62.776	2.99976
62.806	3.00002
62.836	2.99998
62.866	2.99964
62.896	2.999
62.9259	2.99806
62.9559	2.99682
62.9859	2.99528
63.0158	2.99345
63.0458	2.99133
63.0757	2.98892
63.1056	2.98621
63.1354	2.98322
63.1653	2.97995
63.1951	2.9764
63.2248	2.97257
63.2546	2.96847
63.2843	2.9641
63.3139	2.95946
63.3435	2.95456
63.373	2.94941
63.4025	2.94401
63.432	2.93836
63.4614	2.93248
63.4907	2.92635
63.5199	2.92
63.5491	2.91343
63.5783	2.90664
63.6073	2.89964
63.6363	2.89243
63.6653	2.88503
63.6941	2.87744
63.7229	2.86966
63.7516	2.86171
63.7802	2.85358
63.8087	2.84529
63.8372	2.83685
63.8656	2.82826
63.8938	2.81953
63.922	2.81066
63.9501	2.80167
63.9782	2.79255
64.0061	2.78333
64.0339	2.774
64.0617	2.76458
64.0893	2.75506
64.1169	2.74547
64.1443	2.7358
64.1717	2.72607
64.1989	2.71627
64.2261	2.70643
64.2532	2.69654
64.2801	2.68662
64.307	2.67666
64.3338	2.66669
64.3604	2.65669
64.387	2.6467
64.4135	2.6367
64.4398	2.6267
64.4661	2.61672
64.4923	2.60676
64.5183	2.59683
64.5443	2.58693
64.5702	2.57707
64.5959	2.56726
64.6216	2.5575
64.6472	2.54779
64.6727	2.53815
64.698	2.52859
64.7233	2.5191
64.7485	2.50969
64.7736	2.50037
64.7986	2.49114
64.8235	2.48202
64.8483	2.47299
64.8731	2.46408
64.8977	2.45528
64.9223	2.4466
64.9467	2.43804
64.9711	2.42962
64.9954	2.42132
65.0196	2.41317
65.0438	2.40515
65.0678	2.39728
65.0918	2.38957
65.1157	2.382
65.1395	2.3746
65.1632	2.36735
65.1869	2.36027
